0.1784520584 0.477189580815128 0.244317905673 0.06030924591409133 0.5548317109812525 0.228198417385 0.057207930914295206
0.3495245204 0.9710714346799163 0.336087297199 0.05066767948576069 0.9311186673917803 0.342508832967 0.06355092675810856
0.4682689352 1.8040894437355763 0.334979220335 0.03617214101850055 1.4890306214294327 0.365884933138 0.056278082688729886
0.6453792488000001 2.45633270620384 0.395481483926 0.037087532803757026 2.0804093356536493 0.426872420272 0.05606761607517118
0.8399322448 3.3866529840040576 0.439266083128 0.03544165761717744 2.579487154332748 0.497863980915 0.05886313385886309
1.0083212172 4.944233771875709 0.439236301438 0.029558565337006334 2.7365631516512146 0.576894815597 0.06502129866719282
1.1881150204 6.585815601704388 0.450003136386 0.02660002688208562 3.9377652391013287 0.571878881287 0.05575262670848294
1.3840097612 7.835278576909734 0.480859117768 0.026336372231317996 4.975533447780981 0.594599912538 0.05223299214709287
1.5336143064 9.44084113130117 0.486453397778 0.025290566777832296 6.024240313185571 0.600794128618 0.04879466221758101
1.7201168336 11.467307463539132 0.495991764405 0.02351625106942353 7.452201776416264 0.607940039863 0.044944365889619184
1.875088358 13.520465536879996 0.498794057245 0.022046273080610135 10.088374109791593 0.573350322421 0.038047805413049765
2.0300598824 15.919829378629586 0.498514976572 0.020705054787981424 11.387270836293764 0.584923212905 0.03679450500010071
2.2085119408 18.634871165075026 0.501970155232 0.01963620222477404 13.073594071509058 0.594715645379 0.035281753721241885
2.3990397024 21.04685019033244 0.513440031746 0.019072467244398116 14.887512043741891 0.606096648154 0.033957500394915595
2.5479733752 23.785276690162366 0.51351074556 0.018352499631872722 16.948446807993392 0.604303513506 0.03215460285428148
2.7224001992000004 27.11631604846004 0.514400135057 0.017601114643032257 20.18186722940307 0.593087054791 0.02956302779991721
2.90152313 30.868782836456827 0.514358777486 0.016844029424367843 23.300879196614677 0.589221406263 0.02779967618606242
3.0564946544000002 34.51143846990154 0.512876388664 0.016282893249350686 27.59254077670875 0.571597300876 0.025463242242496627
3.2456806711999997 38.75958561796044 0.514300928687 0.015688900712924225 31.078623208765297 0.572486994379 0.024369732150778717
3.4087026644 43.26858861488009 0.511616395156 0.015170987835084514 36.58021863050953 0.555163789078 0.022345950549117193
3.5469023788 48.19648463212237 0.504824838689 0.014588383356788852 41.98296535366809 0.539961309637 0.020796020010167008
3.7307214164 53.43752003129818 0.504579840573 0.014105709087796481 48.103248919625194 0.531167531946 0.019522211196514226
3.887705558 57.77094692415552 0.505910031211 0.013770486466335812 53.95400066185597 0.523102516535 0.018431410035490484
4.052069296 63.625976723938116 0.502741451963 0.013307751746681713 60.90801607110088 0.513602938718 0.017382191112658447
4.2385718232 69.55860020209207 0.503176542033 0.01292621009847909 66.50081849404785 0.514384112485 0.016794634805150532
4.4337956916 76.18979819752658 0.503146434141 0.012524803804530955 74.19356222857401 0.509742247747 0.01599044474300624
4.637740901200001 84.43363269162272 0.500200089826 0.01214037840106249 80.06863386003319 0.513406503928 0.015599756475145813
4.8088133632 91.71265971645137 0.49784325412 0.011870194136251195 87.2583111468609 0.510172212573 0.015066357365378681
5.0040372316 99.44059317698141 0.497686469261 0.011544065713187116 94.83967271794866 0.509415085495 0.01458970187683641
5.194564993199999 108.3741039021333 0.4950751394 0.011177671220208466 103.41565263797554 0.506616859163 0.014097176702983794
5.3824092652 116.90445941568369 0.494058740917 0.010904803733704992 111.95921848759947 0.504686229564 0.013659082913063735
5.5575069616 126.37125628331259 0.490815534239 0.010601441392269923 123.64192851081812 0.496125229405 0.013011373025179799
5.7232124444000005 136.5215103228375 0.486459230423 0.010328639680239901 135.60001566361814 0.488086797225 0.012439999189912225
5.886234437600001 147.52830280306765 0.481448169228 0.01002946895576646 152.46949758949486 0.473682067339 0.011700059271734313
6.067369985600001 159.80132221128065 0.476975625504 0.009741725025147885 170.94268915330767 0.461355770661 0.011050529907845798
6.2156327860000005 174.37814451913542 0.467939160355 0.00940491822453176 188.90038742102436 0.449793240635 0.010499138525241992
6.3692625656 188.97325754983683 0.460761629729 0.009099688904140407 206.07368566071693 0.441431581678 0.010072189711464235
6.5631446892 203.25115226985895 0.457912958792 0.008843133282062125 221.59383014074453 0.438742981011 0.009773690827291787
6.7348880236 218.58913494388082 0.453219398261 0.008597819674517984 234.4579533809018 0.437762247569 0.009571710449505581
6.920719678399999 233.96074390307396 0.450255927312 0.008372760364113616 248.87720477058494 0.436681005262 0.009352100626447798
7.1166144192 252.6450762001069 0.445654187238 0.00813113285760979 263.844800821708 0.436178374835 0.00916399389617883
7.2541432612 270.0953419927464 0.439441151254 0.007925505122875596 285.9434558462655 0.427193953281 0.008815348861019827
7.4003934444 288.29846699981533 0.434001605802 0.00773609831417211 310.2092929416049 0.418518066058 0.008476760905719775
7.5614028204 308.49718381599234 0.428762667264 0.007538360217977584 337.08308326876346 0.410319566089 0.008147073217762835
7.738513134 328.53068816159913 0.425282799851 0.0073634852304586785 367.03428616506653 0.40252115879 0.007822239977308411
7.896168148 351.55108629506077 0.419573859856 0.0071685033032785036 400.3603705455815 0.393344032068 0.007490514169758002
8.047114438 372.7091490494 0.415339730062 0.007008668099301475 427.9221649714305 0.387797566827 0.007264259305334491
8.188668514399998 394.7123109110185 0.41075380088 0.006858620888550489 463.21196684814845 0.379359793945 0.00698691169459044
8.288628502 418.1058755513084 0.404030360398 0.0067075988864724635 510.26680570222294 0.365943949486 0.006638070562910135
8.412069023599999 443.8597308666493 0.398030855492 0.006542630167930134 567.5487833526565 0.352235930778 0.006275787803754286
8.5375221624 468.69476824922754 0.393166258183 0.0063975279982085445 622.9060869459635 0.341297406094 0.00598093444794862
8.646203491200001 500.83514186473656 0.385243752437 0.006208644595131599 678.0646925803584 0.331337670996 0.00572577140786189
8.7803779712 535.8785333805029 0.378268753437 0.006028810987232059 731.9103094869369 0.323906298563 0.005519245832194882
8.9098563444 574.2528246101378 0.370853037533 0.005849531433284513 776.8357472176249 0.319064930385 0.005369673385130509
9.04000559 615.1706017569112 0.363590406643 0.005676001582523994 826.9456339144679 0.31379196363 0.005215939034484193
9.162775239199998 656.710553410758 0.356726014386 0.0055208425992653454 876.2354725354063 0.309002747641 0.005084508676085789
9.3003040812 698.1408356475126 0.351208999577 0.0053809003375758484 919.3290189592575 0.306218814411 0.004984636595926022
9.4270989648 741.4534363580556 0.345477449637 0.00525005222589116 965.755700192418 0.302858775591 0.004882455368368213
9.57670351 786.9641529781817 0.340691488518 0.005123088740845263 1019.0959214724735 0.299523177889 0.004772742347160034
9.709536245199999 826.0386158587272 0.337171469334 0.005023580928152269 1080.5718207381651 0.294932893429 0.004646784637465844
9.8457233424 865.741986395881 0.333989886023 0.004930819466149415 1138.6698241033162 0.291356458975 0.004540622156792715
9.949037692000001 905.0875434836004 0.330098103085 0.0048414775218916534 1216.8788074206457 0.284817866906 0.004396427082840217
10.02954238 942.2075859943807 0.326167021429 0.0047637587646791 1304.6965038606515 0.277313726101 0.004247843238950884
10.111388812800001 974.7543439436663 0.323306890989 0.0046979921885180525 1399.9778621475748 0.269916041445 0.004098744424040732
10.1818304148 1010.8270854966158 0.319713347699 0.0046283380408410945 1504.06064128541 0.262243233196 0.003951968327377468
10.2220827588 1048.9397812578259 0.315109151675 0.004552383128002099 1605.3847000265937 0.254853100858 0.0038213949793114072
10.2824612748 1088.584679632864 0.311160465322 0.004477016479359544 1715.1696258511768 0.248033576235 0.0036938266689128165
10.338143683999999 1127.724495903149 0.30738277473 0.00440667486123581 1824.3179891453885 0.24181480431 0.0035806952594325944
10.401205689599998 1169.862919782497 0.303650881652 0.004336391360620353 1935.7873285370013 0.236192791632 0.0034764384811503475
10.4542046092 1208.034771954223 0.300349343835 0.004275167815554182 2050.0263112521384 0.230697446027 0.0033775634492742915
10.508545273600001 1246.8794995799374 0.297181680188 0.00421534629892836 2170.6520491489478 0.225370796829 0.0032823033541501817
10.557518958800001 1290.0698674229318 0.293538120352 0.0041509391542000505 2286.5799183252225 0.220614975341 0.003197989729244064
10.6125304956 1340.0625324389157 0.289524085551 0.004078587281718913 2402.2952555371403 0.216364730525 0.003120382790853232
10.6615041808 1390.3781476391753 0.285560671958 0.0040098287566699715 2513.392932440423 0.212511131015 0.003051902586866465
10.707123503999998 1447.1606378884728 0.281112540939 0.003936501572190904 2623.4321055560863 0.20890213633 0.002989660110667307
10.775552488799999 1508.0456675963935 0.277150922154 0.0038635276895746954 2733.7919417620537 0.205954785619 0.0029324463897573852
10.8486775804 1582.475704735063 0.272403816757 0.0037800485702839115 2838.4731216516193 0.203497048457 0.002883223714433625
10.908385224 1669.0879444253624 0.26671585026 0.0036896491971913736 2929.0545523748738 0.201431554211 0.00284539278005894
10.998952998 1758.7525182436755 0.261997563658 0.0036030075216876402 3015.0284955259212 0.200189779855 0.002811797323920298
11.079457686 1849.851578624919 0.257345985776 0.003521571406150474 3106.4210778639504 0.19866917395 0.0027768735554679095
11.1807594184 1951.2820018891873 0.252870009639 0.0034385263576984914 3196.649363036648 0.197638217429 0.0027453448595369475
11.253884509999999 2059.7198902686555 0.247744264094 0.0033544814945660026 3290.4815887040227 0.196076454681 0.002712299233692257
11.365249328400001 2157.331788651213 0.24447803101 0.0032878064897580266 3381.3363476413365 0.195340260971 0.0026840350669550873
11.4343491856 2245.978318504117 0.241068681987 0.003229218517025248 3473.6985410713405 0.193899811944 0.0026531170679323416
11.498752936 2325.9974357656874 0.238225850934 0.0031797782366699756 3580.9071710623143 0.192053413459 0.0026174232136698997
11.5463848764 2384.8378013228266 0.236247230034 0.00314447246452062 3700.8048691956374 0.189702188075 0.0025766077774220953
11.579257624 2430.399617397895 0.234691609943 0.0031171618702700585 3830.9690962399027 0.186985458489 0.0025323309890775358
11.599383796 2485.9440782918873 0.232462031926 0.003084009732290843 3965.63329591635 0.184105656285 0.002488534250805065
11.6114594992 2550.375315814108 0.229750104019 0.003047078061979132 4098.4572228766365 0.181289116746 0.0024478140431628413
11.6309147988 2626.6883834979917 0.226772068765 0.00300470540049758 4235.164662821838 0.178640581641 0.002408187855232465
11.6550662052 2703.7272578959137 0.223986441784 0.002963882926220785 4369.560876594168 0.17623937793 0.0023713276367018712
11.689951570000002 2794.2104653874358 0.22099413825 0.002917933296535431 4504.665796856509 0.174097986468 0.0023365043589216555
11.7214825728 2888.21836790095 0.21795868285 0.0028721413801220913 4632.924557561438 0.172136098733 0.0023048742456040585
11.753013575599999 2998.4910601242937 0.214493687425 0.0028220630948406333 4762.856953675841 0.17023035378 0.002275287593894392
11.797291153999998 3138.085563633988 0.210464152018 0.0027608718824655805 4877.577414778106 0.168851640133 0.0022501866669240715
11.8348600084 3301.400680263974 0.205851881086 0.0026946449893819413 4990.86878405594 0.1674570916 0.0022269103260481914
11.891884162400002 3524.0506387447317 0.200209932991 0.0026113740078920747 5099.395581814458 0.166464891637 0.0022060482013153506
11.930794761600001 3748.732371365367 0.194758775257 0.0025355925227101396 5204.951375543042 0.165308523963 0.0021869523748255025
11.9737305952 3996.725449108845 0.189304392563 0.0024599437896278844 5298.533720685993 0.164432698108 0.002171596304507651
12.056918772800001 4255.29137129342 0.184742488452 0.0023890123843493846 5391.314007889123 0.164144852809 0.002157668744069722
