0 0 0 0 0 0 0
0.30189257999999997 1.069932432807239 0.279534248313 0.040399372340294885 0.7154538329808291 0.335409801773 0.07291724882379948
0.4971164484 1.9338116585273606 0.343603143152 0.03491857248018954 1.0893987177397872 0.445593505545 0.07513873103495848
0.6990490408000001 3.230033855036748 0.376061238509 0.029336107199787975 1.6342175939055037 0.51349616588 0.07113223217810193
0.8674380131999999 4.8430573787566775 0.383199001743 0.025557543987663144 2.45450670843697 0.525098195802 0.061278336100859636
1.0197260479999999 6.306666739217519 0.395788677293 0.02377533219838361 3.7617107831162877 0.504349140832 0.05018350068943153
1.1894567652 8.072163745260992 0.408955062639 0.02258013652113409 4.6771865717244525 0.528851026714 0.04806299790878335
1.3289982243999998 9.790376428381547 0.415637983792 0.021810119540649573 6.16265340985799 0.517658924683 0.04243826598952538
1.4866532384 11.631485893536562 0.42708167883 0.02081839835104426 6.677044562788939 0.555747672471 0.04339868195350126
1.6476626144000002 13.248155174136379 0.44375124612 0.020391593567682116 8.540383397192956 0.54699570325 0.03874334345381985
1.8408738656 15.772832195690022 0.454916479274 0.019365428116934088 10.205597596819022 0.560103584858 0.036780587140962724
2.009262838 17.92918885932415 0.466048967796 0.018856899232183446 12.235770884543012 0.559675081954 0.03430822257189599
2.1883857688 20.563619960189076 0.474384439987 0.01816716937107851 13.461187339558268 0.581305500802 0.034063241427439724
2.3554329964 23.788761353423205 0.475273044196 0.017414605774152533 16.273315922053612 0.570593812414 0.0313104369519103
2.5405937788 26.77916821914179 0.483478129341 0.01689074649737598 19.13531435353997 0.568598666052 0.02932043034095825
2.7257545612 31.11276425666522 0.481785162248 0.01607922651143667 22.034498816089922 0.569283603519 0.02778440996952985
2.8767008512 35.08122191250946 0.479267154431 0.015436159277091842 24.736256487808 0.567699102794 0.026545472511847374
3.0343558652000002 38.37788000128345 0.483557478818 0.015108524848036188 27.79235196285974 0.565553560716 0.02522815238762206
3.1973778584 42.8991079536267 0.482285424535 0.014649780371140534 31.45522409242423 0.560824663055 0.023958347864164523
3.3570454896 46.530902530215045 0.486390961144 0.014306063977719077 36.039933990094866 0.550836706402 0.022358365088628745
3.5401936548 51.72659628665058 0.486771789854 0.013874815614722874 40.85993015320269 0.54611026889 0.021172437366303053
3.6924816896 57.597874870252596 0.481471811201 0.013344733707971365 48.580844092216104 0.523261120787 0.0191908408610453
3.8689211308 63.09417088754214 0.482219496299 0.012988688583094684 56.429658843626314 0.509311045663 0.01778325798189903
4.061461509600001 69.3719189427158 0.482984379123 0.012586662990079708 63.23471478137073 0.505419443594 0.016939376117059698
4.2405844404 76.12155886148525 0.481628757312 0.01221433943634385 71.70117073232251 0.495979411628 0.015945479455188632
4.403606433599999 83.09446424746923 0.47890846791 0.011826399309801318 78.7068068835113 0.491842473613 0.01529430107356177
4.5860837264 90.88485666272882 0.477093687004 0.011449523214769983 83.13771652721917 0.498449946807 0.015129867477273868
4.7745988708 98.90289711190208 0.476313576618 0.01114990584893015 90.26394066882376 0.49821494207 0.01467815249058288
4.9550635464 106.18690133921473 0.477185731771 0.010906308851247692 96.6213648822199 0.499876219535 0.014334548555821116
5.169071841999999 113.8672417109553 0.480812692109 0.010700980219212066 103.96462310106888 0.50283920385 0.01400313896339022
5.356916114000001 122.19395652579242 0.481129665447 0.010469680330229615 111.92983237295402 0.502379232077 0.01362003214749289
5.5823292404 130.1102265651589 0.485956791468 0.0102993508904314 121.94776521555448 0.501723595718 0.013153760696399133
5.737971637199999 141.3481540209452 0.479417570608 0.009989409014905507 135.84433814842888 0.488902641766 0.012442279224243744
5.9157528232 153.3693503977137 0.474661498667 0.009702553547792517 151.4036677735304 0.477693971367 0.011782640119079268
6.091521392 166.46193920427032 0.469300751614 0.009467817443362189 168.48561160807802 0.466507229941 0.011178018401933831
6.246492916399999 181.20029236656788 0.461412922688 0.009165162999886286 188.7878881982623 0.45214759056 0.010541527289536907
6.415552761200001 194.56932642272483 0.457441982013 0.008928148369539571 205.6969049470891 0.445026369628 0.010123953686898014
6.5980300540000005 209.4558517495624 0.453535721629 0.008692906800726334 222.91837321170567 0.439764102572 0.009765280199607282
6.799962646400001 224.20273036917683 0.451869065232 0.008478540432928245 238.696792552441 0.438066976621 0.00950161556336604
6.9623137671999995 240.89827956716377 0.446441589167 0.00826442848759633 255.72854354159446 0.433422035395 0.009217586734501364
7.1072222056 257.88476727554973 0.440565296168 0.008051479938463009 276.30765580115354 0.425752651522 0.008889767276572562
7.2662189644 274.4668854544794 0.436680643421 0.007884064813698547 298.5779977553991 0.418824607469 0.008578723254365178
7.404418678799999 294.5390147722301 0.429650167694 0.007673107016420894 325.94138803376103 0.40859138739 0.00821541352689921
7.551339734399999 312.2890233488988 0.425607560691 0.007499730986566334 349.90113388844884 0.402253970383 0.007943542029916375
7.7210704516 331.2639049280757 0.422587189198 0.007343413130402407 378.2245508483173 0.39567170539 0.007658678521685909
7.8753711036 352.63007442101457 0.417836830408 0.007168814251062767 405.05309784387384 0.390046838691 0.007425044703449932
8.0531522896 374.3224704011751 0.414759915954 0.007003881411599747 436.35684626922125 0.384341523758 0.007171444720029177
8.178605428400001 397.494211764299 0.408822380327 0.006834419875390123 476.21983728183534 0.373714090962 0.006859665202243125
8.2946663536 422.90558606621454 0.402037650763 0.006662131185635895 519.0790968178336 0.363104492156 0.006567740307926468
8.4033476824 446.9294317806221 0.396260095849 0.00651750411645278 570.8237675201012 0.350865708778 0.006254822503070198
8.524104714399998 472.8241790729528 0.390842509386 0.006367045116407782 626.0557829123724 0.339907834537 0.005964091077801611
8.617355977999999 504.07502931162674 0.382733103446 0.006187770240277653 683.6516623469143 0.328888003952 0.005697707522826771
8.7501887132 537.1117195362251 0.376540990121 0.006019062612934355 743.3290424579748 0.320315632125 0.005462219871839928
8.871616617599999 574.2394489913776 0.369269728683 0.005848068217668777 796.1136732349631 0.313842387372 0.005288087549412991
8.999753246 612.2850760067731 0.362823172654 0.005686939515897987 849.7379894205033 0.308193985711 0.005128538847501293
9.1345985984 654.1188322194917 0.35633215302 0.00552641627426848 899.3493381692905 0.30408328879 0.005000573495181632
9.278165292 694.0404568776898 0.351403725992 0.005392716116108927 947.8792317386212 0.300870354526 0.0048906010145900024
9.386175748400001 734.8564351793551 0.345514927688 0.005266660223565357 999.4376615318471 0.296437517686 0.004778342023865422
9.5082745252 773.313552543866 0.341222412096 0.005159927700582031 1052.0484992004135 0.292705990544 0.004672674419592806
9.660562559999999 816.9731520462083 0.33732301169 0.005047577388619352 1111.0831526153286 0.289402052429 0.0045663167761089115
9.772598250799998 856.4983807087906 0.333291329634 0.004952778713108977 1175.4830895440637 0.284643812949 0.004450889140487636
9.900064006800001 893.4923963555048 0.330592888181 0.004869605978558222 1255.723643355069 0.27901130537 0.004313526697331782
9.982581311999999 932.4356649806456 0.326333191363 0.004782052946443672 1340.3787200410363 0.272327408576 0.004175644421745999
10.0724782136 967.0166873029208 0.323346391477 0.004711874501492281 1431.227085938269 0.265933991346 0.004041967825897343
10.157008136000002 1003.453874685234 0.32010089928 0.004638958531599366 1528.0380675585516 0.259548571743 0.003912600599991176
10.205981821199998 1036.1691860994188 0.316540173543 0.00457393718224272 1637.8198856385038 0.251925197404 0.0037749474357115223
10.2750816784 1073.316044094799 0.313134371117 0.0045054626555319065 1746.9604223282238 0.245594621165 0.0036550685274226447
10.3220427464 1113.8495887069728 0.308804537667 0.0044301477406009674 1862.0283524522981 0.238985746813 0.0035378051315493337
10.376383410799999 1154.0422829577572 0.304990475496 0.004360973128709064 1973.0310395838292 0.233399031991 0.0034355585196773676
10.418648372 1195.6229141919073 0.300874478298 0.004293571867193858 2083.977018489004 0.228036124023 0.003343196637238519
10.4615842056 1236.4942160613227 0.297091841395 0.004227454315201894 2191.6658673528827 0.223287969786 0.003259032598593766
10.51592487 1283.6302432563207 0.29311371243 0.0041577414692595994 2301.858518356528 0.219017081925 0.003182011068788374
10.5669111724 1330.9232516038296 0.289266661003 0.004089175364409898 2416.250822767882 0.214813198655 0.0031069282054203796
10.627289688400001 1383.0785513632168 0.285393674662 0.004018479365503661 2529.6563986086435 0.211148544506 0.0030392127839640824
10.680288608000001 1436.8420455000264 0.2814114552 0.003949674439904913 2639.024849387713 0.207763238991 0.0029787601802063186
10.752742827199999 1497.7990202662845 0.277507095106 0.003875137508577729 2740.863250619335 0.205254165916 0.0029266311427873764
10.831234898 1564.489521462137 0.273521633475 0.0037993101705581177 2848.0554794261902 0.202828429513 0.002875821051064186
10.9103978412 1636.8944625013141 0.269369775878 0.003721700422376903 2950.8376348757383 0.200724614943 0.002830242847838036
10.9768142088 1721.942888517081 0.264244833845 0.00363589652797411 3044.0451143524783 0.198833736392 0.0027921533539565554
11.0479266832 1818.6130734529395 0.258804485738 0.0035482692432143026 3136.7754751597686 0.197144393014 0.0027587543527918352
11.1458740536 1918.5654160676625 0.254217903561 0.0034635159849191978 3229.894196742608 0.19600650703 0.0027259634233737524
11.2149739108 2017.9158056744573 0.249428003153 0.0033846587953171104 3314.156195100418 0.194700522878 0.002697171343704585
11.3055416848 2121.2787001406878 0.245249101541 0.003310160415331824 3403.3561828546076 0.193685671724 0.002669110067728924
11.3833628832 2210.143077123592 0.2419291603 0.003250080111162817 3495.2505218270207 0.192440264821 0.002639240549202317
11.451120995599998 2285.881180889487 0.239309082507 0.0032028071358100384 3600.106949950902 0.190748140927 0.002605288302203603
11.500765553199999 2353.071360383926 0.236895059338 0.003162142228308041 3720.385705161711 0.188455684759 0.002565939281128411
11.554435345199998 2411.5001250472446 0.235103352792 0.0031279653518405306 3844.6124780180776 0.186253792122 0.0025263394476868145
11.579257624 2471.208177019609 0.232748783091 0.003092570330413729 3975.5349041814998 0.18355757537 0.002484540763950881
11.605421647599998 2527.018784946112 0.230687879835 0.003060352760681066 4107.986160292926 0.180984817234 0.00244422330165094
11.628231309199998 2592.8488950567594 0.228192268993 0.003024194726079629 4246.816941448884 0.178354422066 0.002404754601364064
11.6557370776 2669.7186277481155 0.225419478448 0.0029824410624334384 4376.951552462576 0.17610078442 0.0023690743597381114
11.68995157 2762.221255015324 0.222268328383 0.002934625357601155 4503.279228504873 0.174124763809 0.0023368460793469228
11.7214825728 2872.191014695913 0.218565138856 0.002880546685477104 4632.8758545357505 0.172137002758 0.0023052447273979107
11.7630766616 3009.01556303878 0.214301946356 0.0028170902217886954 4748.111458687213 0.170640180137 0.0022792348969027047
11.8100377296 3169.92419066997 0.209631967061 0.00274755076456285 4860.278582577737 0.16933431027 0.0022552190167109292
11.8563279252 3351.8229302850878 0.204669879293 0.002674997337045855 4973.726785780029 0.168049348222 0.0022319525716048617
11.897922014 3562.9144460413463 0.199217266715 0.0025982383431643417 5089.532013915868 0.166710561524 0.0022096800544349985
11.954275295599999 3772.0270376735602 0.194539010558 0.002528911699598992 5194.834973391678 0.16579481232 0.002190424351440626
11.9945276396 4013.727058116633 0.189231373088 0.002455595540647361 5293.84687165852 0.164791036535 0.002173544525407964
12.056918772800001 4255.437841293596 0.18473931205 0.0023889705158853117 5391.47710920535 0.164142371809 0.0021576347304659905
