0 0 0 0 0 0 0
0.3515371376 1.3299613675792994 0.292690627873 0.030250961976413235 0.7090945974686427 0.388602948695 0.0812949439325916
0.5138882584 2.302289814709417 0.327124953641 0.027337213549287052 1.4711363934687136 0.402038637536 0.060312998155911686
0.6829481032 3.580417248799331 0.350280061843 0.025372671809567197 2.352051977435814 0.426014553135 0.052865620886821584
0.8312109035999999 4.473529308742838 0.381679518752 0.025717594527918934 3.0703900244372777 0.455068956857 0.0503049312188418
0.9834989384 5.744140171740137 0.399410492762 0.024905812040885104 4.454291078334446 0.450258458593 0.04279563074027848
1.1505461660000003 7.413711237809946 0.41227979285 0.024143485739216815 5.731572571548638 0.465715341095 0.04015121939037455
1.3363778208000001 9.366798956823722 0.426839793727 0.022373339219618833 7.355119485331271 0.478864747672 0.0370965942917402
1.4960454520000002 11.14433029825868 0.438639979155 0.02128415427119879 8.177969626649686 0.508300084073 0.03723984632289146
1.6724848931999998 12.908193997107015 0.455964703552 0.02069688963312936 9.77267445071843 0.520737326486 0.035287421225317375
1.8328233967999998 15.204075738035558 0.46104735396 0.01967630618686325 12.431018595717465 0.507789195901 0.031427967334475906
1.9971871348 17.692621178915108 0.466275730101 0.01874924451594142 14.083132307467258 0.520303968684 0.030534323575233238
2.203815834 20.450856054593487 0.478944525838 0.018090003807413813 15.538712354332814 0.546581480137 0.030560074983859806
2.3909892336 23.65501547785879 0.483653436371 0.01730690338285411 17.47085051873077 0.559676862944 0.0297931379499708
2.5352267996 26.285701468582076 0.486843999877 0.016867239842011682 19.67840242294525 0.559851276788 0.028445072291066943
2.7049575168 30.224790079845185 0.484937562006 0.016177135426749787 23.535560645825708 0.547369282391 0.026076204353144825
2.8733464892000002 33.784300940026334 0.48757534615 0.015713388802233406 26.449209857245172 0.549020050739 0.024979929488141154
3.0598490164 37.450233694098294 0.493416227686 0.015360861868489867 30.27378658285658 0.547123330169 0.02360997038972264
3.2268962439999997 41.889990326793885 0.492370305489 0.01482622710222463 33.99420355448792 0.545028370354 0.022522002859594818
3.4080317919999996 46.41404835201313 0.494298757754 0.01435762646909183 39.852431210751206 0.53242135676 0.020825643606944874
3.5750790196 52.117409005805584 0.489709758489 0.013819492929267055 44.99923756158572 0.526112784578 0.019758757100570803
3.750176716 57.21248465138548 0.490526095259 0.013455574658415669 49.82255177477403 0.524834224341 0.018985009209781266
3.9366792432 64.220650994808 0.486344056398 0.01290804303318828 56.85461448263455 0.516234561173 0.017875455631171384
4.0903090228 68.95637289507805 0.487817967928 0.01265298501487872 63.03777384570508 0.509750168459 0.017025278460063072
4.253331016 76.02422154804981 0.483367049954 0.012224885501464132 68.91814380164487 0.507205985868 0.016445175989522293
4.4230617332 82.47477258591877 0.482778780073 0.011896389455900411 74.62850062560824 0.507064230797 0.01595868710997855
4.6283486876 89.2237429415491 0.485841240064 0.011615751450529439 79.81291102381333 0.513181337744 0.015658236793136646
4.803446384 97.69799730743544 0.482067934192 0.011305995535000847 88.80140090573674 0.505238497582 0.014889939952863357
4.977873208 105.51378560629813 0.480869078463 0.011065832375140434 96.95489939327364 0.501308032971 0.014341856252076048
5.1482747976 113.11287906190249 0.480463160455 0.010857057070046227 105.99112655881135 0.496097123222 0.013805939343850394
5.3273977284 121.97727890970152 0.4789160021 0.010577763887733592 117.19920267913612 0.4884400979 0.01315644880727125
5.5293303208 132.10264423369566 0.477780595156 0.010283424155492242 127.89747041835021 0.485463305006 0.012676335401705223
5.7171745928 141.68315080803526 0.477133691622 0.010046942794477372 141.01095944942566 0.478254642735 0.012110613296831782
5.900322758 152.53505543534126 0.474707903741 0.009781957389185391 153.95035232135325 0.472548130371 0.011633248962695752
6.0626738788 163.23535812991423 0.471629998335 0.00955390625219569 170.82125196049506 0.461162687133 0.011032467745862461
6.2498472784 176.03102656681972 0.468311460094 0.009291678840005018 186.2483362051837 0.455429348436 0.010613934908983078
6.4464128916 190.42403703339656 0.464551705826 0.009031659674135703 203.538165803789 0.44949672255 0.010193818035869372
6.600042671199999 203.49720775941014 0.460198181598 0.008813004729259031 220.47646036933855 0.442303251566 0.009818623783095405
6.7516598336 217.98878698364155 0.454961237692 0.008593321387457494 239.76907816387634 0.434004877316 0.009440587958633397
6.926757530000001 231.93247224646868 0.452593877152 0.00840430412358851 260.6287941574477 0.427180960563 0.009077429108223576
7.0669698616 248.07502996015796 0.446579762527 0.008193111295656462 281.5091037493226 0.419454589902 0.008754653231139343
7.2380423236 264.5449531126733 0.443005158136 0.007994126001663038 305.98151160191605 0.412168357572 0.008407463432332946
7.34605278 284.5089837105021 0.433663635934 0.007767335279583206 333.0101452203074 0.401088489974 0.008054812035481635
7.507062156 303.40870575083426 0.429219717141 0.007580636807500548 362.521814815914 0.392929187309 0.0077384180014014895
7.661362808 323.63813569121044 0.42420527228 0.007392978751954007 395.99199384818485 0.383770305207 0.0074106699975234214
7.8277391631999995 346.76020905584636 0.418793485419 0.007209579619325285 427.3005720564535 0.377530161275 0.007156659871412854
7.94983794 367.12372847918755 0.413424149265 0.007052731452904045 464.1582851016817 0.367953140399 0.006871929078777375
8.0813289304 390.99568171619427 0.407296765037 0.0068731177287482915 505.60202109560544 0.358449160454 0.00658579116925395
8.228249986 417.0522539881523 0.401599781308 0.006700536721251701 545.9081534106442 0.351287047011 0.00635329504254124
8.4033476824 445.27310032125206 0.396991847501 0.006522261103200368 589.2879166173819 0.34535142293 0.006132099943862857
8.5509396104 472.60470064878166 0.39215974936 0.006363308215850805 630.6345177850512 0.339740970802 0.005942232179477154
8.6938354316 504.4784001119591 0.385966703901 0.006193540448137169 675.6054686514836 0.333762372407 0.005759768351344657
8.8300225288 535.8290783523801 0.380419146964 0.006037938212326709 719.3420270897865 0.328555849163 0.005594653840560115
8.978285329199998 571.4292338510207 0.374611248211 0.0058790524900788985 768.4209055101837 0.32325955462 0.005431531545270542
9.1017258508 608.8593302490153 0.367949813286 0.005728115001647591 816.029733071885 0.318028773005 0.00528594631739303
9.2385838204 646.2775600940711 0.362548446094 0.0055879363589540956 869.1443694704478 0.31281874136 0.005134552348663775
9.3472651492 681.4072090227552 0.357266912278 0.0054652804317146505 921.6699996339954 0.307372654279 0.0049939874886960655
9.463326074400001 720.1380807300593 0.35187537779 0.005340643642121115 985.6869247389557 0.300941163045 0.004836865964240129
9.5525521036 760.0542367126658 0.345773088928 0.005219612369609913 1058.597487506747 0.29315869404 0.0046696366008907655
9.6686130288 797.90003783343 0.341598816604 0.0051157478835486166 1131.418143533771 0.287035633333 0.004522547075511384
9.771927378400001 836.5436254295183 0.337204750951 0.005014958683964681 1201.3621345757088 0.281550361557 0.004394977144422933
9.8665203868 875.5886873449423 0.33281382293 0.004919943235259901 1280.5673010111834 0.275363610853 0.004262092986875247
9.9711764812 910.5248008006125 0.329845625874 0.004839065202927565 1355.489188076969 0.270499968682 0.004146586790913167
10.0543646588 950.9485770595959 0.325471901017 0.004749447537158279 1441.2984358670383 0.2645293786 0.004023741813134605
10.153653774 991.9850810391372 0.321833620367 0.004667348379786333 1533.705825905269 0.258984143306 0.003905279155470027
10.224766248400002 1032.7952290308942 0.317637695982 0.004584119987889316 1628.33237374778 0.253121070123 0.0037903542950695154
10.285815636799999 1072.0510324349407 0.313645269475 0.0045108094806795606 1727.4878576389117 0.247229964864 0.003680693186035515
10.3508902596 1113.8528814584336 0.309665783909 0.004436368135413262 1823.6970885030826 0.242153806744 0.0035856700910590483
10.425357096 1159.0538139994983 0.305766585469 0.0043600858437371345 1921.5225988111847 0.237616275198 0.0034957666011264546
10.4911025912 1208.2546155202886 0.301380554345 0.0042788461124810455 2024.9678594554384 0.232936587345 0.0034069771903747627
10.546114128 1263.5020469014974 0.296279776974 0.004192936695328062 2129.8109631780426 0.22833059809 0.0033246212003879673
10.605821771599999 1319.2349423522953 0.291610324042 0.004111241920724224 2230.380478911726 0.224393979733 0.0032515068663688017
10.6843138424 1384.2723130774052 0.286799657481 0.004023363351501394 2333.55581704406 0.221007309511 0.0031839796356326225
10.7648185304 1455.8687392640231 0.281781005787 0.003934115887664461 2437.6189936950454 0.217873605522 0.003121491019925988
10.856728049200001 1526.2288216300178 0.277571877457 0.003851311265028972 2536.923255092268 0.215395177647 0.00306542153254243
10.917106565200001 1591.540553281492 0.273340083121 0.003779231931002573 2638.5381362626413 0.21238644102 0.00301010028023108
10.9929151464 1654.6221875936174 0.269950181455 0.0037139801643144414 2738.685405129702 0.209918952891 0.0029589099254761554
11.057318896799998 1722.5477774030498 0.266134117346 0.0036468207452478108 2847.9276848722325 0.207064042488 0.0029052447995816183
11.1270896264 1789.0795861523886 0.262795247888 0.003585459808244384 2956.550743422512 0.204511081215 0.0028548611007339435
11.1740506944 1850.8491441075435 0.259471111144 0.0035304812345337095 3069.754324503356 0.20155597223 0.0028040041341833503
11.227720486399999 1912.1876235349312 0.256508738666 0.003478717346988105 3183.6233400554656 0.198872979355 0.002755898766821716
11.2626058512 1981.6725700414402 0.252762322232 0.003421817379766638 3300.593076573296 0.195927854888 0.002708632454095383
11.3229843672 2057.011803785019 0.249427773539 0.00336417025324475 3412.546220156775 0.193723244306 0.0026668394848659133
11.377995904000002 2135.372968175366 0.246004985027 0.003307052843922378 3525.4844302384804 0.191523918925 0.002626926127144398
11.4343491856 2215.3122590812595 0.242728635254 0.0032522322927849246 3638.155163677143 0.189471367425 0.0025892169234064052
11.4893607224 2301.819287036221 0.239276231777 0.003194923082720836 3751.397130124575 0.187489903314 0.0025524423319005732
11.536992662800001 2384.3655562047156 0.236078550818 0.003144675516565464 3864.388556698182 0.18549676598 0.0025182743671718893
11.6013964132 2478.1578600856824 0.232866735489 0.003089851259494222 3982.4728786390424 0.183748244863 0.0024842327128991384
11.651040970799999 2575.303314004892 0.2294159245 0.003035229358722413 4093.374580035364 0.182019600664 0.002453056797121279
11.693305931999998 2677.9161514636903 0.22579962751 0.0029808547984308043 4217.108854811721 0.179982130348 0.0024193055749092795
11.729533041600002 2790.481149553593 0.221889805232 0.002923986011431622 4341.5045117631 0.177936569517 0.0023867872287379535
11.762405789199999 2913.7704210166958 0.217759288802 0.002864342376828961 4460.213911480253 0.176046581308 0.0023566679635770747
11.7925950472 3059.211725361827 0.213071791337 0.002798541153448079 4581.887385913517 0.17414100473 0.00232721001027397
11.829493029199998 3198.043817927297 0.209053053929 0.0027397052439068277 4698.069785550545 0.17251398153 0.0022999898679815552
11.876454097199998 3345.5859959315394 0.205207887603 0.002681239117029705 4818.66837257061 0.171019259822 0.00227290076757082
11.909326844799999 3500.078368857917 0.201188114898 0.0026237727767956247 4929.385174920682 0.169557147932 0.0022488158170025094
11.9489083164 3668.0996250225653 0.197184210527 0.0025651912066432833 5041.558911121872 0.168218745067 0.0022253016486455035
11.9864771708 3871.9875303477284 0.192531034708 0.0024993121652923745 5155.48158017565 0.166874041512 0.0022027202048206223
12.0166664288 4084.147947028072 0.187940558339 0.00243602262825656 5267.273292310698 0.165510699074 0.002181164450046614
12.056918772800001 4255.358972831962 0.184741022402 0.0023889930601378212 5391.47710920535 0.164142371809 0.0021576347304659905
