0 0 0 0 0 0 0
0.3045760696 0.8741429847939264 0.309159366413 0.0476155354745012 0.6847541955476372 0.344865439059 0.07431095275487128
0.44747189080000005 1.660510706176075 0.333183894399 0.041477583039515514 0.8674692127000547 0.446095037529 0.08543867899670707
0.6400122696 2.553552253311572 0.385319812185 0.035572169839086995 1.1625667838133809 0.548775960685 0.08952163215315949
0.7822372184 3.8663082474883974 0.385427225315 0.030397511594164213 2.020469274351358 0.519547139093 0.06808302994906863
0.9479427012 5.413570342387352 0.39631966865 0.02663843185021461 2.390122375559954 0.578147211277 0.06849154861004919
1.0720540952 6.846558886479297 0.399663983717 0.024890903795616943 3.756338302068674 0.529538110906 0.05365280032909438
1.2558731328000001 8.682139243903075 0.416517063354 0.023460572732500854 4.736190968514655 0.554033697488 0.05100100248129061
1.4417047876 10.197467874327062 0.441414919282 0.022834391433644654 6.138713058979468 0.561085790585 0.04642598745535917
1.6389412732000002 12.674700975996453 0.450934651566 0.021438554972303837 7.200399218168782 0.589565138466 0.045583974969989616
1.8220894384 14.706537330958648 0.46579529989 0.020605703322909605 9.469760174904682 0.574496772534 0.03975131232754955
2.0012123692 17.064393505078208 0.475414508247 0.01976761772404015 12.852189167950357 0.544598480561 0.033562150036628866
2.190398386 19.930059356634477 0.482047429338 0.018786476534906834 14.277507581618105 0.565743323137 0.03315701856647568
2.3124971627999997 22.745574427650432 0.476991859103 0.017921992584161422 16.67025751102742 0.553991505001 0.030658458039836543
2.4480133876 25.466089879691587 0.477625228989 0.017360236084980853 19.610629483757922 0.541858807236 0.02819035687338629
2.5821878676 28.520900810979406 0.476477120171 0.01684038698027925 22.809877236507376 0.530914749748 0.02616008852620813
2.7633234156 31.881475499443336 0.482572317624 0.01636846713783202 25.616041163394016 0.536579063751 0.025185003364627614
2.9122570884 34.98091492219451 0.485789978107 0.016011358765398685 29.590291928573897 0.526931151104 0.023524450305518495
3.0920508916 39.46886974730384 0.485949525094 0.015420154545815091 33.84348020858427 0.523707172228 0.02225621498193483
3.2684903328 44.78748991820943 0.48262570158 0.014710339205877832 37.7101461058265 0.52482927349 0.021396031144215108
3.4710937976 49.67136928700732 0.486932657568 0.014208407310322508 41.66434520107037 0.530535564152 0.02069422313469136
3.6582671972000007 54.3767496556728 0.49068725242 0.013875508115177324 45.39495652442306 0.535906521544 0.020149560532980348
3.8239726800000002 59.279768413856104 0.491461563641 0.01348781807018837 49.81171829073187 0.535092903187 0.019410021394073114
4.0044373556 64.34300552110255 0.494170305503 0.013174659417295016 55.04894857056615 0.533365337399 0.01863580528878028
4.1936233724 70.05842294013259 0.496147046188 0.012865186488411964 60.166765989651665 0.53453881222 0.018089037823892214
4.4129986472 75.90091480302856 0.501742723362 0.012565197522020665 66.40147173615495 0.535719607906 0.017404791383565665
4.565286682 82.53712830920404 0.497979614624 0.012287321276703303 74.20662266917154 0.524665146022 0.016445892365304585
4.7531309539999995 89.60662622518001 0.497778734277 0.012037421964348214 84.5313486441405 0.512241829369 0.015419418148579118
4.938962608800001 96.63921506776006 0.498220049085 0.011756865875110701 93.21641938351524 0.507131268191 0.014766599501182524
5.1261360084 104.63501875807336 0.497120916218 0.011460261678055625 102.367528828369 0.502508493902 0.014164802118296389
5.2911706188 113.44007855641064 0.49299629722 0.01110801763304579 112.21299503459272 0.495643636846 0.013550616336124898
5.4783440184 122.98550711984724 0.490393717814 0.01078104808639822 125.33548403130268 0.485840346152 0.012838155913288038
5.666859162800001 133.70572238095028 0.486678385481 0.010477193491760498 135.58201168819946 0.483345099365 0.012416996033036778
5.843298603999999 144.48739071275676 0.482897004959 0.010159135102441031 148.88668651395596 0.475801512762 0.011880030702489448
6.0338263655999995 155.12584750113953 0.481361230528 0.00989332591062984 160.38290276705362 0.473504547906 0.011514455736010162
6.1827600384 168.7316590236559 0.47311163433 0.009549382953752647 172.56022304910735 0.467895676255 0.011150835609300781
6.3860343755999995 181.30713181800854 0.471523938566 0.009303492122187956 185.52785563116166 0.466190389047 0.010837375864958535
6.5685116684 196.36711628962365 0.466163145328 0.009041980571743819 198.48214410767272 0.463699724128 0.010557335830863717
6.7295210444 210.15638420060645 0.461763298229 0.008815991864831993 215.41437717149242 0.456151147914 0.010156791441915438
6.8925430376 223.05334966506047 0.459156898236 0.008624754797876368 234.07365176886083 0.44832448312 0.009752467557865237
7.0716659684 237.71187032663232 0.456419342338 0.008427558108777173 251.3996054683984 0.443937881652 0.009449458318642804
7.287686881200001 254.68485921021693 0.45450265436 0.008216751117317574 273.23173691600806 0.438945367987 0.009104761673770966
7.4540632364 272.2869844990637 0.449692807177 0.008014022307785265 294.00208036049963 0.432910395824 0.008797462150009268
7.6029969092 288.9477376375778 0.4453352487 0.007837421443487175 318.8534249048744 0.424108405526 0.008451752162312918
7.757297561199999 307.4184200388881 0.440589558811 0.007662738893277926 346.9351535600392 0.41493473195 0.008108336324618935
7.8820798276 327.3068776868857 0.433944311831 0.007468957518797784 383.95464079114123 0.400889808768 0.007683767622338417
8.0229630316 345.3216789771817 0.430084764137 0.0073080357924034285 421.4126104450518 0.389593455739 0.007315721490139875
8.15109966 368.6899931341988 0.42295770328 0.00711558796476842 462.14288807387584 0.378058364734 0.0069807203079268266
8.3261973564 394.2855102479348 0.417852903685 0.006917413392364581 502.8858820192819 0.370271353979 0.0067007617743291845
8.481839753200001 420.92396204491655 0.412040012458 0.006731220147701084 539.4119202326106 0.364248316617 0.006485357176726027
8.6260773192 447.06406636736716 0.406668697508 0.00656839810366116 577.139943199645 0.358175836529 0.006283467825844905
8.7562265648 476.2537415107045 0.400013891486 0.00639231954312474 612.3985262129448 0.352996075423 0.006113843016717344
8.8964388964 508.27789932372417 0.39346490049 0.0062191384929393785 651.625166514262 0.34772308736 0.005943668175130044
9.058119144800001 540.6223816361005 0.38849458324 0.006063555213580561 687.2001418321737 0.344783509415 0.005810443845932653
9.196989731599999 576.2468624627583 0.382113407499 0.005907971550467025 730.1236795598564 0.339656183028 0.005655801555454293
9.3298224668 612.2009461566124 0.376122096494 0.005759955649393071 780.2813458864531 0.333338686533 0.005480442631320642
9.44252903 648.3041362612438 0.36995573622 0.0056231633218934715 832.9243100775215 0.326563823604 0.005313545797751027
9.5559064656 686.3100099258065 0.363922195827 0.005486928633805806 894.879597516201 0.318874207916 0.0051296350233099655
9.667271284 726.0890027948235 0.357972374866 0.005359072680792853 955.1992670234348 0.312267520408 0.004972756289526484
9.7793069748 766.3440351910024 0.352514041497 0.005238047310065173 1023.4529503897226 0.305200120594 0.004809586447021966
9.8732291108 802.0673130094876 0.347909615312 0.005139672921785954 1098.3420164512183 0.297468988103 0.004642393609998114
9.965809501999999 841.9566332480341 0.342779093832 0.005032779378142203 1180.4033816892447 0.289659627008 0.00447847258288503
10.056377276 884.9995966060987 0.337404311039 0.004927710905116086 1263.7464982767397 0.282512135156 0.004330491615993889
10.1516411568 924.4261779511826 0.333279162869 0.004839698771632566 1349.02297130258 0.27604714235 0.004194628487589358
10.2012857144 967.0192522807293 0.327473713535 0.004745968942281878 1436.59726877276 0.268828072012 0.004064819643290625
10.297220467599999 1012.8210980192 0.323013162617 0.004649305330201729 1526.188540567023 0.263286533353 0.003945245387971378
10.3924843484 1063.3749505936648 0.318178666818 0.004549606309505615 1622.4379263614594 0.25773457161 0.0038298545254174146
10.499153060000001 1114.6586705252178 0.313981215416 0.004457147617830288 1712.8082064075559 0.253429469407 0.0037329785649610823
10.5742907688 1169.4787779750354 0.308746871659 0.0043634406684222434 1802.202904321706 0.248843061309 0.00364395184674368
10.656808074 1227.0348907998773 0.303788869909 0.004270022886054985 1897.8438768228684 0.244394381985 0.003554658556456649
10.7353001448 1292.3795809267883 0.298208180049 0.004170876547655876 1988.3044704365122 0.240537414976 0.0034786701466629883
10.831234897999998 1359.8841813460158 0.293326989484 0.004076942507570547 2077.296678681408 0.237438946212 0.0034106717601752002
10.9030182448 1425.0148858828834 0.288459360072 0.003990321427024005 2157.0877021994866 0.234556565954 0.0033512737299215556
10.995598635999999 1496.7123268894188 0.283869838592 0.003902819093389895 2251.476774066949 0.231543301358 0.003285977525472961
11.066040238000001 1562.0426294369863 0.279662495736 0.003829169165844729 2348.2886765799735 0.228179142534 0.0032215145088368377
11.143190564000001 1629.416699718505 0.275739887835 0.003758531589384106 2444.094390434804 0.225227316662 0.0031632496820425803
11.223695251999999 1699.0859016902725 0.271988855074 0.0036883708639401636 2551.317845572447 0.222042253166 0.0031002122441028167
11.2793776612 1775.179532226019 0.267426878368 0.003616355767779656 2662.4814051879853 0.218441744689 0.0030381548242419056
11.334389198 1845.600957554871 0.263563704358 0.003553826370608999 2765.1394527120297 0.215398814532 0.002984476297989088
11.392755096799998 1916.6631438092684 0.259971937301 0.0034939168219532703 2875.0357109815945 0.212334562678 0.0029302321983109584
11.4377035476 1986.766095629831 0.256359586015 0.0034364648287322553 2994.004324604555 0.208899047713 0.002872947432729097
11.480639381200001 2053.5792005468998 0.253108331754 0.0033839083786304466 3115.0011782277393 0.20557510587 0.0028173546956205913
11.5349800456 2119.995048271743 0.250297378442 0.0033345196990769914 3234.0393597591383 0.202715209271 0.0027661991805062454
11.557789707200001 2194.038826960619 0.24653126516 0.003281119152007182 3359.9962624242767 0.199276778346 0.002714090253699068
11.603409030400002 2282.681505733016 0.242658565899 0.0032209248276583767 3478.7638201093714 0.196621935117 0.0026692255083689094
11.662445801599999 2386.193372106475 0.238552311476 0.0031537177829866576 3590.5517236596247 0.194524449137 0.0026292512027549578
11.7120903592 2505.0481693735023 0.233823675761 0.0030816296291023364 3706.517860803311 0.192275029954 0.002589969832303523
11.7483174688 2639.832016476391 0.228489303429 0.0030051335650113048 3826.863941723666 0.189815720941 0.0025507863131084847
11.780519344 2765.8606357005406 0.223841924622 0.002939560720132284 3946.159455122498 0.187439558335 0.002514124702836046
11.8133920916 2906.9557202979145 0.218958423618 0.002871241919582664 4058.4965102999113 0.185345286072 0.002481645155330532
11.85766967 3059.9142267699463 0.214222256241 0.002802111287034073 4176.77375393757 0.183389123935 0.002448456175127003
11.912681206800002 3224.9450790630185 0.209643456875 0.0027332436117414485 4293.905130982937 0.181711607605 0.0024175174913820922
11.9502500612 3376.4996265470813 0.205535934933 0.002673745510348251 4413.457001723721 0.179800846087 0.002385942494344241
11.978426702 3555.2787410347228 0.200779493666 0.0026080517172465227 4539.069483082872 0.177715585904 0.0023540433560899606
12.0025781084 3703.9273069901296 0.197110160351 0.0025571760095720194 4672.068345961867 0.175523049366 0.0023211264885995096
12.010628577199999 3813.9023065263077 0.19438074799 0.002521201404503374 4809.528041181035 0.173114680687 0.002287423985597632
12.0274003872 3914.00184310163 0.192149411267 0.002489406759517502 4951.471239612666 0.170855498362 0.0022536902228368107
12.0448430696 4007.9800640676435 0.190160829219 0.002460809324429035 5096.438483038199 0.168654067595 0.0022209009578589498
12.0542352832 4111.1501710968 0.187908302581 0.0024302704822332603 5244.345369526357 0.166390212581 0.0021886074925246517
12.056918772800001 4255.29137129342 0.184742488452 0.0023890123843493846 5391.47710920535 0.164142371809 0.0021576347304659905
