0 0 0 0 0 0 0
0 0 0 0 0 0 0
0 0 0 0 0 0 0
0.7003907856 1.2998684384513925 0.568767783173 0.08594104907635068 0.6674790813410916 0.749744576534 0.13728396437384954
0.8674380132 1.8924793089953105 0.589770352966 0.07217888705070662 0.9649850026103118 0.784425434713 0.12505382620835967
1.0237512824000001 2.1634145307567927 0.649765964607 0.07447421461525738 1.1271961094848977 0.855730679339 0.1273368578241788
1.167317976 3.4605662138200564 0.596419059967 0.05301623428858116 1.7156658875772255 0.811198382807 0.1039887635510203
1.3289982244000003 4.041676877667287 0.62905036189 0.050715146846387345 2.4402730424793404 0.78711427046 0.08809910997143329
1.5242220928 4.733171213195342 0.667298381171 0.04777201474016799 3.1398385611514734 0.801769280258 0.08033199878010913
1.7093828752 5.6166294983824905 0.68867365586 0.04626494657658398 3.9407011236601344 0.807971290649 0.07431510380300738
1.8750883580000002 6.3279663500501115 0.71250479637 0.04423356867214419 4.39513684243581 0.840009475289 0.07348203951124493
2.083058802 7.702904541465604 0.720037427178 0.0409557358798257 5.504244229004186 0.839210487038 0.06723727355382453
2.2554730088 8.7938000525113 0.731124705267 0.03951132695320865 6.276703303566709 0.853113692884 0.06465487736580479
2.4600890908 10.130965652047413 0.744419319734 0.0376723522542223 7.2173845943926835 0.869935283251 0.06210204242807853
2.6358576595999996 11.270067059287392 0.757201391426 0.03634617820362342 7.896549808820796 0.891966568765 0.06132993962157665
2.7955252908 12.284559268544545 0.76989895011 0.03598645919118938 8.362010245171412 0.919227071314 0.06146247571618843
2.9941035212 14.299163238203137 0.766324535173 0.0335514993965709 9.67504011349009 0.918423868932 0.057994146597679486
3.1812769208000002 16.27041197087258 0.764873478591 0.0315307986103923 10.632553709445073 0.932193120944 0.05650880316413617
3.3389319347999997 18.056058113858175 0.763248675645 0.029838949352145372 11.530151476299261 0.940800972924 0.05499858911598971
3.5126878863999997 19.677453199174284 0.769909137471 0.029344766782716438 13.245250600161091 0.92664229486 0.05128109095155199
3.6629633040000003 21.52491511021329 0.768577963165 0.0284559294983225 14.587434897449812 0.922612652113 0.04925459518865118
3.8246435524 24.29848140147497 0.756766858036 0.02681583918460094 15.670160267802855 0.930398112605 0.048144370913974804
4.0460314444 26.10204733311934 0.772698111963 0.026643036543166437 18.091051642191733 0.918743929273 0.04490526441509262
4.2318630992 28.263161425464748 0.777295854215 0.0258781951348666 19.94134704696463 0.916802654218 0.043006904027617754
4.400922944 31.275964571668922 0.769483598153 0.024645309533323757 21.79118893077775 0.913437076441 0.04130518111526251
4.6068807708 34.28396286271619 0.770092923402 0.02365118452313657 24.222883632680137 0.908499122458 0.03937832754665585
4.7873454464 36.91958574507231 0.771722794491 0.023053257215744673 26.849534841594572 0.89830617715 0.03735035943790036
4.9517091844 39.15526008949761 0.775477243466 0.02281771259595257 29.044223540188348 0.894397946108 0.03603735615738656
5.1361990944 43.118009785691086 0.76738491434 0.02186190660986966 31.82559651448504 0.887469193631 0.03451935254554744
5.2918414912 46.57531738054021 0.761376468114 0.02113293845236806 35.13373289897393 0.871668209453 0.03267254672476554
5.487736232 49.13282733346752 0.768967048761 0.02090872110864557 38.14291140259015 0.868436541602 0.03148239694287335
5.690339696800001 54.0054707575345 0.761284486142 0.020050537171653247 41.18238878211568 0.867384560405 0.030427779008149646
5.8842218204 58.866223626680615 0.75465790899 0.019308023275093164 45.313471738864784 0.856165869488 0.028992566757775916
6.061332134 65.65974108904311 0.736941471224 0.018204532444997132 48.95941473105857 0.849252526334 0.027987363793412157
6.249847278400001 72.59777153238083 0.723348845747 0.01731528381698813 55.08099066589783 0.826893042956 0.026124114129200744
6.4450711468 80.32422518583013 0.709816144273 0.01639662663261507 62.28149676672981 0.803162405566 0.024287689308813084
6.6563959528 86.92804197725023 0.705103381401 0.015822699205755915 69.25625310653727 0.787526780363 0.022895515107806224
6.849607204 94.0981908306752 0.697797567339 0.015192599904334608 75.20650744168839 0.778281798906 0.02189734616449934
7.0361097312 103.15912108322443 0.685094265769 0.0145005790506838 84.41329884945861 0.755535204165 0.02044171796610422
7.2185870240000005 111.5207561742383 0.676374149143 0.013955752988186272 90.80456582034233 0.747809225599 0.01969751861859263
7.4104565304 119.94877573285548 0.669829921115 0.013510494577938546 98.4548481492117 0.73775136682 0.018882999847622955
7.579516375199999 128.88348151709022 0.661252227821 0.013076519256873366 107.47763632419654 0.722759404648 0.01796401817924378
7.761993668000001 138.7815215390364 0.652878745807 0.01266489643436421 118.68191842576509 0.704931570293 0.01697920711125821
7.9397748539999995 150.3343836046591 0.641980378651 0.01217149337138912 128.8513422479471 0.692456292137 0.01623892488772064
8.1101764436 160.68940034300653 0.634517183694 0.011815063339214596 141.81949716984374 0.67468290026 0.01536001544956665
8.245021796 173.50689877188935 0.621079264716 0.011357893020109573 162.50346467298354 0.641428925867 0.014081013258997029
8.414081640800001 189.17433038352337 0.607299430826 0.010910656815269166 183.37172784170517 0.61669280167 0.013096730433497692
8.5656988032 206.38124095626108 0.592194287605 0.010441192658685506 209.37838520802234 0.58799720072 0.01207765954249363
8.7233538172 223.69388180752503 0.579521732811 0.010055323356600705 237.2329024008679 0.562945636891 0.011220325727178394
8.85551568 242.50240134379752 0.565254744449 0.009654825331448891 266.280526926026 0.539713421892 0.01047669905401466
9.0286007592 264.23527760934644 0.552305689334 0.009268644332469935 298.7373453064911 0.519768330084 0.009815973252955162
9.1721674528 284.71832624764653 0.540700919474 0.00894200994616327 333.7710191207018 0.499777306558 0.009204204455126288
9.3003040812 309.178702675748 0.526303857762 0.008577715215283289 373.1823350809227 0.479454634047 0.00863211001175541
9.443870774799999 338.18582824201036 0.511174991877 0.008204931296823247 416.6496352004413 0.460931248079 0.008118377258190212
9.583412234 366.1839350619585 0.498646197371 0.007894079739372482 456.4362263751596 0.4470137551 0.007725334328755537
9.745092482399999 397.2901427871189 0.486934948543 0.007591850029208624 506.2180066243976 0.431750259005 0.00730743185332275
9.8900009208 427.6519763789171 0.476419915404 0.007328579883716322 559.6435465042922 0.416839542129 0.006919515942243313
10.01277057 461.8570789595352 0.464239910004 0.00705797867074927 612.9614118517767 0.403331099395 0.006592427188463921
10.146945050000001 497.77891410249714 0.453264293067 0.006812400275289557 668.977036059887 0.391324758526 0.006296173835762488
10.249588527199998 535.5321895605105 0.441506458617 0.006576754982111925 735.6031088664342 0.37703421 0.005981041114968171
10.3562572388 571.1395646259709 0.432043109966 0.006372253187068135 804.0207546350813 0.364452428594 0.005701838132257232
10.465609440000001 610.9211763305482 0.422220173248 0.006168734780035289 878.1796656362293 0.352463079745 0.0054425228243930165
10.5803286204 653.7249732027703 0.412701836159 0.005972333799088524 949.5805827586126 0.342712330259 0.005230086726042794
10.6729090116 699.1379774547544 0.402626135916 0.00578059536784081 1030.8888307546767 0.331841027231 0.005009452087181797
10.793666043599998 746.8720693480385 0.394007792993 0.005604665166042652 1115.461471490164 0.32265881587 0.00481195484416752
10.878195966 794.732503407 0.384999458299 0.0054351267311815755 1204.46588691778 0.312973711048 0.004622223754433861
10.956017164399999 848.0637691800526 0.375411308955 0.005265233759818788 1291.3239396191552 0.304454723149 0.0044594923638667724
11.0331674904 898.3095015116999 0.367368419752 0.005120553669835534 1390.132582151646 0.295528337535 0.004291923314296644
11.0942168788 957.1722703197855 0.357903431902 0.004965966939074509 1490.4974728952175 0.287007732356 0.004140990210298758
11.1445323088 1009.5354972707123 0.350110330568 0.004836448607395799 1594.585804843564 0.278761758628 0.003996603417162401
11.193505994 1065.8307312875036 0.34226657866 0.004710431352965954 1703.382117268528 0.270916516802 0.0038628893434586656
11.251201020400002 1122.113121111553 0.33531826726 0.004596472534018328 1814.9308000223307 0.263828104152 0.00373906389150687
11.28742813 1176.2718882174452 0.328585786243 0.004492512373572065 1927.9180326059004 0.256819360865 0.003623806856757264
11.337072687600001 1235.5130685019876 0.322043916867 0.00438571981263963 2045.7720455489791 0.250421681751 0.003514386107160625
11.4028181828 1291.9632866745774 0.316774445893 0.004291580064091417 2168.7254590796224 0.244641426557 0.0034113333899570817
11.4343491856 1354.349708693978 0.310267761069 0.0041938515325015 2291.131561187448 0.238685368423 0.0033160529131090652
11.4705762952 1419.574361203384 0.30403449625 0.004099457508957782 2417.286263228609 0.233119319531 0.003226490760390413
11.5068034048 1483.7335568046547 0.298343672576 0.004012433091706842 2538.5002056276467 0.228212003159 0.0031475743129544373
11.549739238399999 1553.291048807331 0.292690669148 0.003924441027953331 2662.7183483072604 0.223663981963 0.003071991105983111
11.5920041996 1624.1056122545695 0.287300243221 0.003839936148638724 2787.3792038186175 0.219411758588 0.0030021340323647737
11.6315856712 1695.751985980389 0.282138529707 0.0037606575028682906 2909.961039378873 0.215479717283 0.0029378639232546604
11.669825397999999 1772.3657006658805 0.276893106193 0.0036810372121284093 3041.294803303992 0.211474356722 0.0028732791973627133
11.6980020388 1855.3983145405427 0.27129245138 0.0035985197149634024 3170.3194494993995 0.207631589111 0.002813019794303919
11.726849552 1934.8710857457347 0.266328427575 0.0035240625464203383 3297.210037595209 0.204103718165 0.0027568459666209603
11.759051427200001 2020.5419284027296 0.261347243218 0.0034501779481112193 3426.387430146272 0.20077328711 0.0027042400825992184
11.7858863232 2104.1196439685978 0.256697919571 0.0033815908272723876 3556.2577298474243 0.197526793684 0.00265374498851556
11.804670750399998 2200.1917104740473 0.25144091956 0.0033080107669640436 3689.0945103110175 0.194250711907 0.0026050909269252943
11.817417326000001 2303.4325467176564 0.246016428492 0.0032337997115222186 3813.8551791527784 0.191256597179 0.002561801265616544
11.8583405424 2415.563002781335 0.241079331172 0.003159340815396002 3944.170156880826 0.188724678059 0.0025195976190584388
11.877124969599999 2540.7026880318795 0.235448842421 0.003081533432639909 4074.3140030289355 0.18598301289 0.0024791712796947704
11.897251141599998 2679.383546749632 0.229672110707 0.0030020636624103394 4201.631806408197 0.183456401238 0.002441695528189956
11.9160355688 2836.7929234547682 0.223570425676 0.002918831002262205 4335.091001313033 0.18089805745 0.0024043689418961414
11.948237444 2999.990285865407 0.2179997626 0.0028396035251989143 4463.002895078856 0.178770828435 0.0023705458392471847
11.9656801264 3173.785033273184 0.212263872865 0.0027620106884289545 4596.843831072321 0.176408401361 0.002336312239871196
11.988489787999999 3333.001783269641 0.207532760842 0.0026961599899218733 4728.509881391323 0.174268529427 0.0023038408589142597
12.005932470400001 3484.475469443789 0.203272242943 0.002637642305202494 4864.223047153157 0.172072174656 0.0022715400424394975
12.015324683999998 3674.5204408922114 0.198106511874 0.0025693149885759946 4993.5986504297625 0.169963110663 0.002242174190856658
12.035450855999999 3895.49048017778 0.192733801918 0.0024954549509222427 5118.475255344998 0.168159727503 0.0022144420968786497
12.0481974316 4098.194862041886 0.188110564215 0.0024338861714716616 5249.061273313561 0.166232234091 0.0021869773954549545
12.056918772800001 4255.437841293596 0.18473931205 0.0023889705158853117 5391.47710920535 0.164142371809 0.0021576347304659905
