0 0 0 0 0 0 0
0.31598090040000004 0.9982079019388513 0.301458122798 0.03738025503302472 0.6707226812335785 0.36027880623 0.07681692910655848
0.4602184664 1.8965277050894114 0.321874799606 0.03292109925557772 0.9902692366973151 0.432206342428 0.07795869931503294
0.623911332 3.154827942045404 0.340548425666 0.02857501871477609 1.5790618549320234 0.468247895326 0.0690961962245768
0.8030342628 3.9194499408658543 0.392834807619 0.030322464236212494 2.1430675354134037 0.518742418778 0.06597941574133728
0.9673980008 5.135406509726302 0.414442925571 0.027752185256994848 3.0035944356049202 0.53165444961 0.058560132975200636
1.1357869732 6.827116560116201 0.423401702768 0.025077204043551963 4.226440873950248 0.530144721484 0.05034186084936916
1.3095429248000001 8.429734311211556 0.44005641363 0.024032740945882765 5.943055624207351 0.519063595209 0.04346087906041594
1.455793108 10.577199269494491 0.437904441782 0.022357470051090327 7.626623669037687 0.511586622213 0.03898829988677993
1.6174733564 12.646613809978595 0.445618485413 0.02111168565651853 9.227377046549861 0.517954214346 0.036402990778519245
1.7711031359999998 15.119082257678638 0.447007276815 0.019920785235086415 10.805040964641032 0.52500686488 0.03466569200320831
1.9374794912 17.406156988413127 0.456154317926 0.019245938823720738 12.289923310143578 0.539022812406 0.03376489014204067
2.1380703388 20.166455008307178 0.468048161209 0.018514459168556294 14.171361544050134 0.554505794108 0.03258517797755356
2.3359776968 22.694930165403385 0.482277439292 0.018202524620276432 16.23860154655289 0.566562020964 0.03139745011387806
2.5104045208 25.933399598559394 0.485313920413 0.017561540611651577 18.773435050438657 0.567148704915 0.029774791586631127
2.6915400688 29.22029626022169 0.490554021885 0.016927929136681664 21.879567637882783 0.564184357208 0.028011953231836882
2.844498976 32.17177124288621 0.494366529805 0.016542271337212276 25.001338214421498 0.558578559022 0.026246946967475766
3.0081918416 35.06350571829255 0.501000510802 0.016167257221713128 28.265127220878593 0.556206286667 0.024870079359007438
3.2067700720000003 39.15741220656574 0.505694797677 0.01566987672012492 32.039392983937475 0.557456641475 0.023723026540067162
3.37113381 43.425128766895526 0.505156814808 0.015078063761738524 35.27328228299402 0.558914709303 0.02285349709517326
3.5368392928 47.75697996356907 0.505666127701 0.014566130403996905 38.20073908255883 0.563735562448 0.02230058172448427
3.7226709476 52.559384742134746 0.507597713304 0.014132672807461702 41.11369889945317 0.572132461298 0.02189218980252875
3.9178948159999996 57.64281674398382 0.510350090934 0.013727376661541188 44.20942658790821 0.580847412714 0.02150222647325488
4.0782333196 63.24434175277818 0.507447227717 0.013323228535948318 50.974738412469755 0.56383499311 0.01993302780942661
4.2493057816 68.5591049691108 0.508029576934 0.012984988764864844 57.08368839948672 0.555651717624 0.01884321649031761
4.4311122019999996 73.16792144644226 0.512925979152 0.012803185911108385 63.72496104525972 0.548829607433 0.017873265725358887
4.6001720468 79.29699498390703 0.511711926394 0.012480361357306206 69.84471308293641 0.544554397645 0.01721397213790428
4.7953959152 85.40852463141822 0.51414283128 0.012205251533394355 77.00224265248634 0.540948343725 0.01651238525446248
4.954392674 92.74938693630595 0.509959251777 0.011878014309426357 84.49659550551601 0.533835292546 0.015832132165262695
5.1308321152 100.3139277333822 0.508003270895 0.011580300229561998 92.96191173759273 0.527365582324 0.01515930037055684
5.3408151764000005 109.03254867004317 0.507388237038 0.01130712365115616 101.94970091642338 0.524429589271 0.014582620327973542
5.5501273652 116.52464454665137 0.510152345487 0.011075593648183784 113.31075843530742 0.51722374987 0.013854767278163801
5.7211998272 126.67963446124942 0.504560019149 0.010743995466405202 124.72296311639974 0.50844413811 0.013234563633855287
5.888247054800001 138.00801059609776 0.497724016426 0.010381587758324323 137.42931584488255 0.498756314656 0.012616047779707823
6.059990389199999 148.0420329578136 0.494716161457 0.010125693388707644 147.36874886991194 0.49582993419 0.01224202415484438
6.282720026 159.6672259256608 0.494001510264 0.009853734309077213 158.44339111241632 0.495881224483 0.011913807987164484
6.459159467199999 172.98571378331258 0.488091442088 0.00959280397171143 169.31955619506013 0.493282447988 0.011590998243218605
6.660421187199999 186.38362330588203 0.484999724564 0.009326591538670182 180.99200847492426 0.492085340735 0.01129635523141878
6.854303310799999 199.7684932499693 0.48221887794 0.009080442961195747 197.19345912543906 0.485321743314 0.01084527782561466
7.0186670488 213.57443464534268 0.477668874227 0.0088755473924351 213.29206962708042 0.477981557052 0.010440606681386586
7.221941385999999 229.60543266760095 0.474143365633 0.008629010783756746 228.9629343732762 0.474801310636 0.010131712283904366
7.3608119728000005 246.15243110106658 0.466853291837 0.008393189035371592 249.01922263815712 0.464184344486 0.009711637698031744
7.5446310104 262.4864149942734 0.463472265374 0.00819403820958053 267.67095237320456 0.459003601227 0.00939861353574611
7.6667297871999995 280.26616926790734 0.455892650609 0.00797997725596316 292.78537751262365 0.446124857119 0.008962256511164264
7.7760819884 298.28944666518254 0.44830247602 0.00778363828095673 319.74787816405257 0.433122547013 0.008556018341504877
7.9102564684 316.8423805531933 0.44256461568 0.0076038139198829156 349.8142255989553 0.42135413812 0.00816426178776987
8.0410765864 339.9937714443137 0.43439034244 0.007377233984341671 387.9578445759625 0.406847769535 0.00772343643973508
8.1900102592 361.8111489279932 0.428960433944 0.007195663120318374 423.7425199827107 0.39659145781 0.007387361718103956
8.3208303772 386.5724530004376 0.421700649087 0.006997802633049233 457.7545688168521 0.387741684945 0.007110273886755497
8.470434922399999 414.16415677903484 0.414809874601 0.006796713378010869 491.735903658424 0.380890392716 0.006874262719660682
8.610647254 443.1340803085064 0.407728211614 0.006609408730864716 519.4972603423246 0.376748042577 0.006716455159548283
8.7844032056 473.90764815468685 0.402283228587 0.006430303037862846 552.5324997284424 0.372725091326 0.006539463307806291
8.9480960712 507.31679581833623 0.396115439127 0.006252066091904202 586.548314826925 0.368536140567 0.006373350680918354
9.080257934 540.7849200064475 0.389383261673 0.006092365468887023 630.152325332195 0.36085886891 0.006157961899462717
9.2392546928 575.707998234415 0.384043431502 0.0059352463942676775 671.6287826032843 0.355697731598 0.005978607974636546
9.366720448799999 607.4816265414972 0.379062320451 0.005802601866581101 719.338966327411 0.348483578015 0.005779510279314746
9.49284446 646.1686700834076 0.372533400899 0.005653606841325499 769.6692057616444 0.341472092764 0.005594120073303444
9.6451324948 684.4257579655854 0.367815263754 0.0055229830255867215 823.9052514337975 0.335370993217 0.005414712764483972
9.7538138236 722.4931553888016 0.36206353073 0.005398456860728817 887.8419351198125 0.326749053844 0.005217465888501447
9.876583472799998 762.4743345523543 0.356911508635 0.005276265976850406 955.3402455532615 0.318993590307 0.005030116805267014
9.984593929199999 804.7556750768713 0.351240046398 0.005155972856928749 1029.5456051128397 0.310676140671 0.004846456012296031
10.0650986172 847.6560307164796 0.345026232731 0.005038300293288921 1110.2888604387776 0.30161007783 0.00466293477238323
10.1643877324 893.4114599022196 0.3394181566 0.004924046975974222 1188.6770169299796 0.294396135228 0.004508857545176958
10.2723981888 941.4581311395075 0.334183051905 0.0048133028802662325 1266.336493290225 0.288278136724 0.004372139631670366
10.352232004400001 990.9454035812053 0.328288436463 0.00470296501948181 1343.1854744462062 0.282104207262 0.004245447655699599
10.440787161200001 1050.7184373445884 0.321568267847 0.004580905103648612 1421.2415925290275 0.27661061783 0.004131388550985994
10.5219627216 1110.2268333089428 0.315287726679 0.004468282877494318 1499.6243864416535 0.271393118487 0.004025251251759113
10.617226602399999 1165.8112802910669 0.310484378179 0.004373460450698134 1579.2223455909875 0.266872547239 0.003927722127176558
10.7346292724 1237.9345481065207 0.30465783945 0.00425846367998047 1658.9141351499823 0.263273850839 0.0038410759525694988
10.837943622000001 1300.4339342803275 0.300124304937 0.004166694268910476 1744.6629346048724 0.259204421095 0.0037513474019644213
10.9171065652 1373.8632822491145 0.294145451714 0.004065546004639147 1830.7961109773269 0.254892346426 0.0036682737911197254
10.992244273999999 1438.9872862590066 0.289405229616 0.003981689061746522 1923.193193246127 0.250415951338 0.0035823165755215925
11.0774450688 1508.2065200834402 0.284891086791 0.003898615144133408 2015.0815362864992 0.246544951984 0.0035040051001691305
11.146544925999999 1565.575321096341 0.281377365777 0.003834358337743334 2117.642751282984 0.242010156933 0.003420072336492839
11.2143030384 1625.2008583442143 0.277856431417 0.003771332832699659 2228.1882347361125 0.237373735167 0.0033357766492197794
11.265289340799999 1679.4759821092885 0.274581339937 0.003716670599492825 2347.697293544392 0.232313545244 0.003250127183103305
11.3229843672 1737.9664968721218 0.271312405169 0.0036588383417755417 2469.408705504901 0.227684271876 0.0031689645519369924
11.367261945600001 1797.921596169541 0.267802002937 0.0036019816556848113 2589.4846504314396 0.22321939084 0.0030946044688847743
11.406172544799999 1863.42436058423 0.263962294709 0.0035424193746998564 2707.511181730243 0.219053553657 0.0030262619133268284
11.455817102400001 1932.0015189324758 0.260371828639 0.0034834546632404634 2828.267818309885 0.215264798765 0.0029614259967426664
11.506132532399999 2013.3163072610885 0.256189004241 0.003417088773125218 2946.0104409098344 0.211850696929 0.0029029358412726233
11.5369926628 2097.4883848854824 0.251678102494 0.0033531943781364114 3063.8029242452567 0.208300342002 0.0028480576220873536
11.5799284964 2197.3478207055314 0.246817352847 0.0032802524146878296 3179.1094758373 0.205253136347 0.002797545481764758
11.627560436800001 2308.1144768748236 0.24182205294 0.0032046492736020303 3292.6764166418225 0.202515734935 0.0027509954031514306
11.6718380152 2419.5461031590376 0.237095706579 0.0031343988764549646 3407.6500414147376 0.199831577757 0.002706606809839238
11.7154447212 2534.157072641279 0.23254548064 0.003066702607961625 3525.8447458995747 0.197190934462 0.0026630477572377213
11.7617349168 2656.302095922625 0.228040837555 0.0029989119376082393 3648.023388103852 0.194629855216 0.0026198001312103913
11.813392091599999 2765.441515023153 0.22448308195 0.0029426611873391824 3769.139954212071 0.192321066844 0.0025791108622643935
11.834860008399998 2888.6922886481775 0.220047450077 0.0028818664651219334 3893.580787882433 0.189569620313 0.0025383649321607583
11.8616949044 3002.1051999957695 0.2163456562 0.002829446276127934 4023.4568754897555 0.186910582159 0.002497789569658847
11.8871880556 3109.326243507139 0.213044151117 0.0027827083290004498 4143.077146460625 0.184590839175 0.002462312332676465
11.922744292800001 3230.1864560185845 0.209650351848 0.0027322826515379416 4274.441146032563 0.18227824953 0.002424735525007647
11.94152872 3358.035435090408 0.205949240739 0.0026815825104975393 4405.349571572534 0.179834789262 0.0023887801397572592
11.9703762332 3491.4516650943297 0.20246823873 0.0026317755284808453 4539.913083761222 0.177579712464 0.002353652983071733
11.9938567672 3635.464092020166 0.198810991776 0.0025808101238140916 4675.270970445584 0.17533553171 0.0023196437913232852
12.008615959999998 3764.4925559846406 0.195618120661 0.00253736322550238 4815.095135647996 0.172985679419 0.002285490530078875
12.033438238799999 3886.0418900301656 0.192935474496 0.002498834719111235 4955.161978670953 0.170877613287 0.0022530892113529
12.045513942 3998.7984957271583 0.190389396336 0.002463963179068445 5101.149488165954 0.168585618921 0.002220069619264043
12.0515517936 4116.379322007202 0.18774724358 0.002428842028253431 5247.014407260032 0.166310902206 0.0021880149199833563
12.056918772800001 4255.426574370505 0.184739556384 0.002388973736444512 5391.314007889123 0.164144852809 0.002157668744069722
