0 0 0 0 0 0 0
0 0 0 0 0 0 0
0.49577470360000003 1.3557379680157469 0.403143257273 0.04790809390678469 0.7283936116669152 0.528740687369 0.09639743955220506
0.6896568272000001 2.008156818259949 0.46217649573 0.04610913649733451 1.2835267688482022 0.56371009285 0.08260727417146686
0.8459700964000001 3.0352494188046704 0.465296190811 0.03810657953932115 1.997875860609849 0.562342525246 0.06996956724979556
1.0016124932000001 4.495734465303315 0.456300187146 0.03233938903019082 2.882620710509411 0.559938986011 0.06081676344113384
1.1532296556 5.888026902957217 0.460889514512 0.029086967987927183 3.5152570191154524 0.58536182055 0.05880760959156931
1.3256438624 8.005924591256345 0.45640089255 0.025632136132573008 4.028437197450188 0.628471485525 0.05950065799377525
1.4980580692000003 9.46937637562114 0.474762432003 0.025206612197493424 5.057600208458961 0.636739389759 0.05479787902769829
1.6859023411999998 11.075721210528828 0.494479012311 0.024337376751897066 5.84508381760362 0.667290484928 0.053247873685570615
1.8328233967999998 13.102564762622517 0.495174658219 0.022873343272432522 7.3108071171164335 0.652137777501 0.04778084447906989
1.9998706244000002 15.255217545331545 0.501409666533 0.021889825939094276 9.099210547896238 0.640680379185 0.043145117399800745
2.2018032168 17.4217902349689 0.516947605637 0.02115548087494569 10.131464551333195 0.668712878844 0.042714372842524315
2.4211784916 19.595240928190577 0.536234419538 0.020764591398105003 11.948935630805485 0.678570245463 0.04018032298195925
2.5680995472 21.76095175275048 0.540191675351 0.02005003096909837 14.654870861334816 0.652555726742 0.03578190108014608
2.76734865 24.45074964858306 0.549563465104 0.019420888286846603 16.666740598129664 0.660288987785 0.034348146262112654
2.9189658124 27.348639915001147 0.548651310683 0.018604102417457205 18.75903571905219 0.657510296559 0.03268033911086934
3.079304316 30.174410575973173 0.551423798492 0.01813825744271614 21.866500791701544 0.643897320654 0.030317638350233548
3.2812369084 33.90819852923868 0.554748696932 0.01750571442435347 24.832929581285832 0.644695223747 0.02892911560222433
3.465055946 37.96106628833587 0.554148528527 0.01679944744452049 27.37569903064574 0.64897688633 0.028010630198809474
3.6730263900000004 42.04687360490707 0.55848370105 0.016271918898084277 31.329562683921232 0.643982356492 0.026443757323425396
3.8239726800000002 46.47351436506753 0.553494112564 0.015581852952563756 35.72418404217199 0.628851277052 0.024602860395709872
3.9829694387999997 51.84764385070669 0.546284708474 0.014926680228431405 40.053829775690616 0.619318941384 0.02329326920549854
4.1802059244 57.649658039797025 0.544093049479 0.014349588654427268 45.866584942152095 0.608196928764 0.021780289626752037
4.3217600008 63.04370309914149 0.538254182475 0.013931627967947778 51.87313003010018 0.591997176616 0.02043263208028666
4.5055790384000005 69.14454905054325 0.536110409293 0.013491993743119527 57.142733104315575 0.588446720379 0.01962072692215772
4.702144651599999 75.24522249833235 0.536567787787 0.013101718499120067 63.665889414848664 0.582268799574 0.018667254567752437
4.8752297308 82.02279198020015 0.533099556043 0.012699227241186882 70.3807955918269 0.574600442557 0.017802709806109252
5.0530109168 89.33426636995209 0.529690361904 0.012327783297612062 79.03829834735552 0.5624701323 0.01680307143291553
5.2348173372 97.20343029520565 0.52629682239 0.01196535242789939 88.73067276683092 0.550396742973 0.01582239227270298
5.427357716 105.86384781339845 0.523076922075 0.011586462818075514 97.35072996260512 0.545075178085 0.015194169002277026
5.619227222399999 114.50670302295636 0.520913700769 0.011296713539052112 108.77078005153756 0.534249170157 0.014373945339174476
5.8151219632 124.60063733543646 0.516977849898 0.010950425473929633 119.07417262184418 0.528653744974 0.013790511058851759
5.9902196596 134.5667049137279 0.512623600485 0.010604902600156589 128.26514296304458 0.524879284776 0.013334618599960563
6.1680008456 145.8754485928959 0.50714836399 0.010287763471179243 140.90594654622535 0.515889310054 0.012742874639824143
6.3323645835999995 155.81859304225318 0.503910884011 0.010048746992401696 153.4214417528809 0.507780015068 0.012217804956157421
6.4779438944 167.9552194540856 0.496688242314 0.009748048655377102 169.15155514546635 0.494950637207 0.011594327309380644
6.632915418800001 179.26469106669282 0.492392357094 0.009507383931247736 185.52967352481048 0.484105810611 0.011045895258840175
6.804658753199999 194.69153706278868 0.484877392871 0.009203526637782797 201.79398578860713 0.476363435776 0.01062780611060832
6.9542632984 207.76226854573264 0.479812512881 0.008981790901765863 218.53349983388384 0.467964360782 0.010231503934746795
7.113260057199999 223.40495822905854 0.473414637478 0.008743090435912922 238.16976885075803 0.45865356131 0.009812458572017992
7.2970790948 241.94203871157026 0.466801148084 0.008491480477606627 258.2045575859983 0.452002159826 0.009459384837296688
7.429911830000001 257.38628677222556 0.460915512309 0.008296039698758886 281.1111560954415 0.441212843333 0.009061877319447928
7.5969590575999995 276.24271815271845 0.455010869256 0.008076781231034853 305.6826198145102 0.43273323222 0.008700941591211703
7.737171389199999 293.9390001836399 0.44932939397 0.007880970816034031 334.5546934442513 0.421393115439 0.008307325496849767
7.872687614 311.25668349583304 0.44437347746 0.0077014282275666415 367.00433387482263 0.409492276114 0.00791137693248046
7.9974698804 334.83090404626614 0.435336000724 0.007470893740545082 404.2452659027364 0.396467414301 0.007529380650833745
8.149757915199999 358.6783686508877 0.428706218004 0.007256733851660034 444.28885818250166 0.385471525506 0.007176620607071369
8.305400312 383.304021779561 0.422699476126 0.007063532285905414 483.88936212583053 0.376488936408 0.006878553075866453
8.4409165368 409.0972496849096 0.415903928033 0.006870694952161775 523.9054810209177 0.367792743048 0.00661145478255647
8.5730783996 435.2472960651151 0.409592790403 0.006691364320382643 568.6620567143431 0.358611228115 0.006345121572314729
8.7038985176 465.21339336475256 0.402292413726 0.006495793615661725 611.712755688283 0.351087194865 0.0061213762522484075
8.8481360836 497.32118362934847 0.395597086382 0.00631332295164665 658.6280665148481 0.344004086881 0.005910782097258482
9.0111580768 531.0683278615712 0.389927720604 0.006137743801748752 703.1195859020279 0.33911132746 0.005736950095080862
9.151370408400002 565.0989752288583 0.383935233529 0.005976488092599137 754.4019931176091 0.332514206395 0.005547250595777163
9.271456568 599.0325478552757 0.377840234624 0.005836763803755888 798.1039047689916 0.327552283407 0.00540785998830333
9.415694134 633.8028665127798 0.373082796605 0.005701523177417703 849.1679789680095 0.322519442847 0.005254809054634881
9.514983249199998 669.8194339546304 0.366780109785 0.0055668642133540796 914.1450084944084 0.314159126999 0.0050656605629778575
9.6290315572 709.341012824908 0.360725568568 0.005430444401959288 985.3244230272483 0.306258340959 0.004882060539235506
9.7336876516 745.2243255951796 0.355789040607 0.005318880145742287 1063.193733030054 0.298064698837 0.004699471337157492
9.831635022 783.2193326947599 0.35057360983 0.005205959912762203 1143.1212131507964 0.290374746649 0.004533662571570668
9.9215319236 824.8658315149487 0.344762424891 0.005088590690254881 1227.0497472848608 0.282855064276 0.004375712846754091
10.014783187199999 869.0142030322073 0.339076071661 0.004974413894081758 1309.2181098106641 0.276428788909 0.004239361795748047
10.116755792 916.3858465182565 0.333584539128 0.00486014308144164 1394.1219948903365 0.270624358344 0.004111173150215809
10.207323566 968.8891216399734 0.327351964107 0.004740348109990894 1484.8274346214557 0.264592445038 0.003986754243396825
10.2905117436 1017.6855038023369 0.322033257256 0.004635683698857346 1576.9064513809367 0.258858649761 0.003870392044372288
10.368332942 1067.5900517783793 0.316815170145 0.0045383577486290405 1671.2172561397424 0.253363669169 0.0037626241499478918
10.428040585599998 1118.1999722427022 0.311365179555 0.004442920979520475 1773.484197865182 0.247379823981 0.0036513193881251463
10.467622057200002 1166.0867531297908 0.306079879875 0.004358758828870123 1879.8106319132323 0.241206313645 0.0035460079478643134
10.5165957424 1217.0436031371833 0.301022141424 0.004272175822985788 1992.9955935015316 0.235364378571 0.0034424020304729313
10.578316003200001 1271.307105631558 0.296272049463 0.00418911834745856 2096.7408581889194 0.230823271306 0.0033586467538005557
10.636681902 1323.8689939160283 0.291946758567 0.0041127990774848305 2206.9918598786226 0.226233812907 0.003275324697933927
10.7030982696 1374.4208185420994 0.288328412302 0.004042400057718135 2318.079130434783 0.22213228878 0.0031969112503846893
10.7581098064 1428.4958713194783 0.284284200476 0.00397194857575071 2429.4901281054035 0.218101351287 0.003124131624679799
10.814463088 1493.5342236303704 0.279495308989 0.0038901689165155144 2533.432436864863 0.214704802665 0.0030619132307856934
10.894967776 1568.802805331095 0.274751613856 0.0038051259048827554 2634.5655804441476 0.212115558668 0.003008806441533817
10.9640676332 1646.446097571514 0.269908773879 0.0037230111423226806 2737.7960664670227 0.209402409291 0.002957422362404772
11.037192724800002 1716.4092475478565 0.266123820686 0.003652678703558801 2831.9966220697415 0.207267175387 0.002911939445953595
11.097571240799999 1792.2055331120146 0.261870607416 0.003580965353924954 2928.256748050191 0.204950694677 0.0028676973386123263
11.159962374 1871.864898289839 0.257688356093 0.0035118840033687383 3037.1195803560586 0.202379323066 0.0028208754996814954
11.247175786 1955.4309959113493 0.254101193439 0.003444334417697305 3136.1453377768407 0.200717905648 0.0027816375126879524
11.3088960468 2031.8685395497012 0.250651490231 0.0033850082228911995 3247.616738082434 0.198328929365 0.0027371545918450867
11.3625658388 2105.5052049857895 0.247404921706 0.003330849464838069 3350.6724551665907 0.196184749258 0.0026980182298197582
11.436361802799999 2177.1630286483182 0.244885380752 0.0032814249676302843 3469.2884039238425 0.194057012107 0.0026551894411981644
11.478626764 2247.980594189561 0.241893770738 0.003233642386804053 3583.2159624344577 0.19165573392 0.0026146060740117943
11.512170384000001 2315.744531124644 0.239030130194 0.0031891584514259263 3709.7974470728386 0.188911208356 0.0025704565401272537
11.5470557488 2382.899611098001 0.236356855683 0.0031466549976513036 3843.0597064604704 0.186172456942 0.0025261309730238903
11.5839537308 2446.7499694363555 0.234002161369 0.003108463198352398 3976.488901493763 0.183609975767 0.00248427608425882
11.600725540800001 2517.4219205243053 0.231033047841 0.0030666842339054532 4111.468998452596 0.180835046889 0.002443162780307474
11.631585671200002 2594.2830523945604 0.228195039015 0.0030233461457720894 4245.306090174302 0.178437562445 0.002404943999190935
11.6651292912 2674.522355143836 0.225398591155 0.002979919244956947 4378.5843941711555 0.1762097881 0.002368727680031904
11.6845845908 2767.6856786719673 0.22194723531 0.0029314307448152005 4507.222630825484 0.173968768301 0.0023353674092311894
11.711419486799999 2877.022567847078 0.218194428359 0.002877305700284079 4635.039792311194 0.171949163654 0.0023038866422019823
11.7342291484 3003.9982344597815 0.213954958238 0.0028182055704439263 4758.883596861037 0.170029271215 0.002275231352014916
11.777164982000002 3153.7745424000555 0.209582721243 0.0027536618323092924 4874.129408661443 0.168623258389 0.0022507666682447885
11.8321765188 3321.384664382715 0.205185894034 0.0026868673877370746 4983.915665454368 0.16753578788 0.002228875885560473
11.8985928864 3526.284792833933 0.200259418375 0.0026113350515385813 5084.221960610867 0.166806930124 0.0022102747758775687
11.9522626784 3771.447421904467 0.194521205348 0.002528517774533731 5189.522924646732 0.165851663511 0.0021911409041446075
11.998552874 4018.3532182612994 0.189185958869 0.0024536192629727675 5290.135341863638 0.16490409163 0.0021738359428495274
12.056918772800001 4255.29137129342 0.184742488452 0.0023890123843493846 5391.47710920535 0.164142371809 0.0021576347304659905
