0 0 0 0 0 0 0
0.38038465080000006 1.0551587724953453 0.350857741333 0.03893002089108993 1.108745679932295 0.34308477298 0.06013238176011759
0.5447483888 1.8333283288494873 0.384524738007 0.033255083247728516 1.7235908262255673 0.395535245569 0.05736386320528288
0.7527188328000001 2.6792711824883826 0.440514061754 0.03161539040204791 2.0911233983455655 0.493221152138 0.06257777044364762
0.8956146540000001 4.005884589239277 0.4321890404 0.02720470651587841 2.7308412537914037 0.515781947151 0.05777931585349969
1.0405230924 4.88858872543891 0.4552409453 0.026755057661984015 3.6761814799999364 0.519708656954 0.05148757134453063
1.2169625336 6.395574280232077 0.467048294657 0.024824022100676663 4.764920475267367 0.535992547431 0.047412571568859474
1.3638835892 8.324397879792107 0.46061702522 0.023119224928622367 5.930623765724398 0.54041265119 0.04390539653007902
1.5477026268 10.234118943862123 0.472311659565 0.022163634695575682 7.18357726927587 0.55838432746 0.041990966023873484
1.6932819376000003 11.919947202829247 0.479473055419 0.021541468502824238 8.538228354739132 0.561763806064 0.03954283561729906
1.8610000376 14.180848561920191 0.48393385577 0.020429286969000954 9.597192657615688 0.58272723718 0.03893465489869315
2.0132880724 16.533051686973604 0.485570392904 0.019377343283072418 10.890208828928868 0.592599035705 0.03771445531228356
2.1843605343999997 18.803014522793468 0.494435245013 0.018771484490748346 12.887997477718343 0.592382620066 0.035306362159966624
2.3493951448 20.787222312204815 0.506021113869 0.01841053375307168 13.923461244183386 0.613058804619 0.03503381875876661
2.5405937788 23.74334021169655 0.512485164369 0.017735574536809885 16.659710082755815 0.607553226605 0.03238014708414072
2.7364885196 26.73796113461166 0.5205492312 0.017240678297710924 19.425775637818756 0.607092753745 0.030528046613519724
2.908231854 30.601638491908833 0.517709005141 0.01654727240208742 22.27434839807329 0.603478564759 0.028908344277088764
3.1047974672 34.79524466369227 0.518798133305 0.0161747359960384 25.033277799497412 0.608339934535 0.027681979520625698
3.2959961012 38.89533334399415 0.521279164228 0.015585253441727658 27.789633443734825 0.613451969343 0.026768558133210624
3.4610307116 43.053575477770714 0.520633262112 0.015052730081186603 30.860627300351815 0.611888865397 0.0256425284082142
3.6186857256000002 47.263214693009 0.519856482534 0.014626304679243975 32.72591175093375 0.621413452349 0.025342972693549796
3.7944542944 51.99858806964883 0.51999064764 0.014204673179154286 36.19518352189653 0.620137032236 0.024300461033385904
3.9641850116000006 56.97626529424644 0.519258547954 0.013781541470530765 41.63562732682509 0.604976342021 0.022614301175464844
4.1466623043999995 61.963805373696424 0.521063013294 0.013432160333811394 45.41382059616671 0.606300312431 0.021849943007846893
4.3351774488 67.23723307378225 0.523157151104 0.013116272210232488 49.2851499184076 0.608780471017 0.021199053489387016
4.5304013172 72.57590075192903 0.526396824476 0.012810496099887724 54.86361423524963 0.603497323514 0.02017684053527855
4.6907398208 78.7583788094566 0.523437745322 0.012485019958926718 62.737068974528775 0.585055784335 0.018756549925824595
4.9087733508 85.82713982129478 0.524925336775 0.012138307456270769 69.64715731483966 0.581480882851 0.0179223082529119
5.071795344 93.91785881317058 0.518737068144 0.011746730380242827 75.83153787711932 0.57610290221 0.01727185837173625
5.2515891472 101.91079762599172 0.515837748922 0.011499368095894729 83.66961861617568 0.568271431231 0.016501414937909718
5.4327246952 110.21741690391896 0.513312653046 0.011200822670973895 91.10681143097842 0.563649802713 0.01587780826903209
5.6178854776 118.59318569466605 0.511878690847 0.010972083204093682 101.19844249212223 0.553401174856 0.015058213319203088
5.7782239812 128.0845100183583 0.506790785341 0.01066689067018621 110.95852909456077 0.543886672762 0.0143950878152472
5.9774730840000005 138.22438223386106 0.504823185972 0.01038936221549771 121.87937170536668 0.537105021086 0.013798052555828649
6.170684335200001 150.4286780619878 0.499733662646 0.010056083868503951 136.67313857359423 0.523928249873 0.013009077194723469
6.3155927736 163.15359953880662 0.491302933624 0.009745663500040512 150.50025261082874 0.511269220998 0.012384245292533819
6.4920322148 174.24769178573735 0.488802288245 0.009520803209106787 163.008983046077 0.5051608529 0.011928174642641065
6.647674611599999 187.4620989387269 0.482698594441 0.00926030580360934 177.51023706570663 0.495884540568 0.011436505619566021
6.8080131152 200.83293832011648 0.477723366818 0.009027306540358701 193.1303664183078 0.48704939831 0.010975775416723576
6.9824399392 217.7501526363434 0.47068607411 0.00875560794433132 210.4338118206141 0.478711474131 0.010531367616721807
7.156195890799999 233.6226333882072 0.465832598011 0.008536677185889869 227.1670562975321 0.4723380432 0.010161524064375699
7.317205266799999 252.02007112750937 0.45871838787 0.008295464588504142 249.4175763398465 0.46108253883 0.009684459686045728
7.4393040436 271.914810708991 0.449110678415 0.008050194339146192 271.82737209643585 0.449182258172 0.009268905002029705
7.613730867599999 293.0010490857387 0.442892301117 0.007809997779231891 295.1754041058546 0.44127188312 0.008910753770329937
7.777423733200001 313.78654047970053 0.437259438683 0.0075980458580095535 319.46791291435994 0.433385242211 0.008578582496239521
7.9102564684 335.41845550201674 0.430232619011 0.007385049089190256 349.10099986281523 0.421781139778 0.008188655533813524
8.101455102400001 358.99812103220245 0.425986314042 0.0071902363611184026 375.44788552089807 0.416617428904 0.007925793575869023
8.224895624 387.61089016984573 0.416300796271 0.006968522133859873 410.44138778091514 0.404635451897 0.00757364505040762
8.3738292968 410.9910863115054 0.411664145755 0.006802748238071273 445.0292233508089 0.395709362716 0.007269922744818496
8.521421224800001 436.94294998846516 0.406347061353 0.006637997283161402 478.25193805276297 0.38850942248 0.007024889164904334
8.658950066800001 466.2307379511583 0.39978705197 0.006460482802298021 518.6781643372179 0.379153045747 0.006746882811431156
8.808554612 496.55398572082566 0.394134925951 0.0062914675991058155 563.2108430350073 0.370205570858 0.006474609438126414
8.946754326399999 529.7047772222131 0.38764380405 0.006126970204947077 610.6023551257574 0.361185946701 0.006225541955862
9.0842831684 565.7726934972568 0.38090233875 0.005956442238228043 658.4052550085656 0.353223744873 0.005999494059422826
9.2218120104 608.5649896896126 0.372882020126 0.005776544238483528 708.7449083548445 0.345647599496 0.005793495665811187
9.3539738732 644.04665910422 0.367698005757 0.005639094550699298 755.2887922708883 0.339661935675 0.005619178863470517
9.483452246399999 682.2729490836501 0.362231249157 0.005502494794873948 804.8396745703202 0.333627790078 0.005451637152344663
9.6357402812 726.0501128089932 0.356816877345 0.005359412923249028 856.5235515763995 0.32862770786 0.005297289790024878
9.7933952952 771.2043940078072 0.351911314596 0.005225400573740317 910.7010673921621 0.323943864405 0.005149153187633694
9.904760113599998 816.299326104621 0.345974829525 0.0050990132120187865 977.4577194827851 0.316274349796 0.00497094946531037
10.0000239944 860.3364461255186 0.340274020961 0.004986002803979847 1045.1774605367027 0.308827299288 0.00481042474875773
10.1053509612 905.6947358693147 0.335162834339 0.004877934467435689 1119.1941997831632 0.301610935413 0.004650737124749219
10.220070141599999 949.4795158680191 0.331081368875 0.004780626090352424 1198.3670045264548 0.294810808032 0.00449555017970178
10.285144764400002 997.6898866679011 0.325064083849 0.004679737968641209 1284.3359048616474 0.286611088966 0.004341396868980851
10.3723581764 1042.3766092646883 0.320735697607 0.004590725029935813 1373.453918875993 0.27952792193 0.00419662366651332
10.4448123956 1094.9778132906074 0.315144494778 0.004492685118379508 1467.4353692183818 0.272337327794 0.0040602225809120195
10.5152539976 1143.3739286731384 0.310500266767 0.004407133525205632 1568.690448693702 0.265196035708 0.003925386010056634
10.5809994928 1192.4764410971256 0.30595772438 0.004326900084020521 1669.7921343501014 0.258665070698 0.0038044098925572424
10.6480867328 1241.3076244271722 0.30179548002 0.0042495242284624965 1776.8969686744242 0.252352474474 0.0036866778836040304
10.7198700796 1295.5857255359929 0.297412478802 0.004169588965750175 1883.6098998944135 0.246764613484 0.0035822906163159294
10.778906850799999 1349.926101394452 0.292983588205 0.0040917912127391145 1980.3579150777293 0.241996796295 0.0034943247947080707
10.8392853668 1412.7931545280308 0.288009914839 0.004007762462227474 2088.7606344461306 0.236963439155 0.003404448159975576
10.8896007968 1475.5079028621863 0.283144610156 0.00392911495865599 2195.5869988166805 0.232208560418 0.0033217144782318343
10.965409377999999 1544.2896854221556 0.278706897599 0.0038482286433033012 2302.479357859045 0.228340425884 0.0032465604806819256
11.0150539356 1607.4380280376317 0.274425607009 0.0037775252582747916 2408.595218264577 0.224271558119 0.003175615715314048
11.0747615792 1674.1567833778752 0.270370033755 0.0037073608950014443 2514.6628936444777 0.220686713984 0.0031100102247711404
11.133127478 1736.5527709174146 0.266876375268 0.0036468032279140983 2625.156693715383 0.21713659837 0.0030467402315144565
11.191493376799999 1803.6644580468248 0.263246115411 0.003583293921213957 2742.5174500039975 0.213559241435 0.0029820063795506307
11.240467062 1869.967126038423 0.259676797339 0.0035251276912007415 2857.363768049606 0.210144109542 0.0029240268771470565
11.2968203436 1940.7594822540175 0.256182732416 0.0034653189354449886 2973.6255166702604 0.207032464065 0.002868449013296268
11.344452284 2016.4754049879073 0.252394922993 0.003404313123744201 3085.8621602669446 0.204093653296 0.0028175766187165437
11.390071607200001 2090.8453123896657 0.248869632721 0.0033493101525319496 3197.2706430582816 0.201316421654 0.0027713505358299287
11.448437506000001 2173.91901524263 0.245326249434 0.0032900456520184146 3316.7527936560673 0.198673576748 0.0027236963877207837
11.50546166 2253.44963112629 0.242164894421 0.003236851768539314 3429.9625117765 0.196343638331 0.002681288180706478
11.545043131599998 2335.682767234607 0.238688469964 0.0031828178674610827 3549.222116072085 0.193684013914 0.0026372707455989824
11.607434264799998 2428.6965109607618 0.235344591382 0.003125553963523477 3666.638081281008 0.191590209247 0.0025973661645978495
11.651040970799999 2510.931386616989 0.232333567662 0.003077487615709908 3788.5514884666486 0.18919330356 0.0025567951644256187
11.690622442399999 2603.9302152964374 0.228927771674 0.003025490989042748 3904.967150550372 0.186987450903 0.0025200636241070424
11.732216531199999 2698.8711418240337 0.225670503344 0.002975175569906148 4031.9116624940393 0.184677568696 0.0024816041546683577
11.7664310236 2797.853915493988 0.222294263719 0.002924636050903076 4159.374599674839 0.182358565065 0.0024443248151616833
11.803999877999999 2902.2854942974373 0.218960179099 0.002873528480630825 4286.492485857766 0.180210055903 0.0024086292839307936
11.8321765188 3014.7334374084385 0.215355747431 0.002821500623532803 4411.113580584308 0.178072369579 0.0023752435908383092
11.869074500799998 3134.9070983405563 0.211851145358 0.002769426977310776 4537.121044481745 0.176131683425 0.0023433727952621836
11.8818210764 3268.2320813460274 0.207713025812 0.0027143951836376425 4667.390478870669 0.173844850873 0.00231137592098795
11.9207316756 3422.456534433383 0.203648923852 0.0026548449494752397 4794.786598523001 0.17208319623 0.00228207972434438
11.948237444000002 3579.937159816017 0.199583590348 0.0025980207370507164 4916.430854292052 0.17033469242 0.0022551750324514997
11.9710471056 3744.021523887574 0.195538276872 0.0025420451662524234 5038.938230961247 0.168574080289 0.002228546197014642
12.005932470399998 3912.6197219578703 0.191840455398 0.0024888291571336825 5155.883271599966 0.167138284328 0.002204735294972104
12.0381343456 4093.029268522143 0.188071973979 0.0024348301068757975 5276.295350663981 0.16566456255 0.0021804727066590183
12.056918772800001 4255.257570524149 0.184743221493 0.002389022046588571 5391.47710920535 0.164142371809 0.0021576347304659905
