0 0 0 0 0 0 0
0.37367592680000006 0.944452761948474 0.362598904071 0.04908934383427644 0.8537573280834443 0.379271539538 0.06883834506169027
0.5172426204 1.516088211986875 0.399061225435 0.04393912797914711 1.0222892781016348 0.475592130805 0.07899368073244807
0.6655054208 2.264929739312921 0.422837447921 0.040806974917305235 1.4684233648644167 0.514013367636 0.07417627326213536
0.8426157344 3.422016739260231 0.438498544605 0.034112761748729084 2.26851842296772 0.529279401876 0.06343977949312431
1.0351561132 4.914850421037866 0.451828667564 0.029755721105529945 3.104891694322025 0.558665623915 0.058426840420563834
1.2001907236 6.1695679268658825 0.468677299816 0.02811836874963114 4.563442090518884 0.5395636259 0.048301965777400466
1.3806553992000001 7.6668661477579425 0.48468456355 0.026149504044599807 5.1658536941008295 0.583028355442 0.04913725496307933
1.5255638376 9.47766907794961 0.483066514554 0.024048403664161666 6.552566233924509 0.574836165744 0.04418663185745862
1.704015896 11.270677574653112 0.495527323414 0.022945835742138966 7.591003145323457 0.597267351766 0.043073727549376016
1.8858223163999999 13.567519445744889 0.500755039485 0.02149893331950164 8.486684530074154 0.625345132793 0.04282537955487219
2.0850714191999997 16.02788717719958 0.510093414929 0.020497048751133985 10.718441507444622 0.617740850413 0.03867083422419834
2.2682195844 18.779690143135497 0.51336970346 0.01954458238970032 12.799815899956 0.616527219971 0.035992485600261144
2.4372794292 20.927343696724968 0.522910551705 0.019319538049335963 15.385571741066933 0.605958557569 0.03294877833682224
2.559378206 24.339351862831794 0.510060838107 0.018137014743949558 19.370794473071918 0.569366684914 0.028715972907074654
2.7378302644000003 27.6459903519056 0.512445423219 0.017556622180585832 22.107611534202665 0.570847294782 0.02742275155957023
2.9021940024 31.1031335314521 0.512591079987 0.016911819075626732 25.46189212040688 0.564712247527 0.02582277197875465
3.0336849928 34.411246860070406 0.509821998505 0.01629332320377063 28.516805637096265 0.558443122839 0.02455210325130954
3.2081118168000002 38.45979440196512 0.510351423027 0.015783145844995097 32.443644124623795 0.554309076148 0.023284245944235178
3.3563746172 43.58646201466341 0.502063333289 0.015081119867819532 37.56223874490272 0.539773128472 0.021659918659541626
3.535497548 48.24602914496235 0.502968107252 0.014579424238412016 44.54552968181906 0.522937423034 0.019753282125134018
3.6884564552 52.83101082471084 0.501718737178 0.014167740183599774 48.95704245653568 0.520733652975 0.018973349270978004
3.8648958963999998 58.22200023424912 0.501062844284 0.013680236574418471 53.467062896797 0.522376996904 0.01838026977987762
4.0507275512 62.67066174926151 0.506314120626 0.013434082400105352 59.4320999886895 0.519633862309 0.017567793691447262
4.246622292 68.32032352740774 0.508580765515 0.013077648322222605 64.56627111001556 0.522854777255 0.01708486651002769
4.421049116000001 74.10947402521238 0.50857357741 0.012764083190996634 69.77886023998708 0.523806921656 0.01662246834722212
4.6001720468 80.15085411981019 0.509029452692 0.012451715353648743 77.01252945401026 0.519102750036 0.01591207802883241
4.7913706808 88.119038900312 0.505892918152 0.012062579538610488 85.3666014648026 0.513839003802 0.015239445031307171
4.9745188460000005 94.43651096287894 0.507497040032 0.011878555017009957 95.89921174613556 0.503677055464 0.014363317980025266
5.1449204356 101.52684123949767 0.506384747157 0.01157393732429994 104.98371412348001 0.498111994691 0.013788047691856925
5.3528908796 109.64718665324197 0.507121590097 0.011286255464399856 115.804956549363 0.4936616907 0.013209099982206015
5.5051789144 118.68281169816385 0.501499767533 0.010968716226290622 127.62365309100852 0.483868657201 0.012612465366075054
5.6762513764 129.62473015307935 0.49498646951 0.010598640280491914 140.97413832472148 0.474914889343 0.012032371523846213
5.8822092032 138.86909081217038 0.495694472256 0.010352280095816095 154.17646546492145 0.47076515366 0.011565143880479037
6.0526107928 151.1837405186852 0.489024128916 0.010031808319660837 169.32243953701712 0.462411239319 0.011063464648341178
6.208253189600001 162.32440168704366 0.484221198405 0.009761746883295177 182.0009101862488 0.457605452306 0.01072754269548507
6.373287799999999 174.20436278907104 0.479973876478 0.009501204773146539 199.56658185496457 0.448778719612 0.010258136044202474
6.5611320719999995 187.49805481464384 0.476405252588 0.009235867975231472 213.8198903694556 0.446432722088 0.009971908666488987
6.7281792996 201.61286081459318 0.471247795651 0.00900360511599455 232.81227789271057 0.438856618907 0.00958308439513535
6.8623537796 216.5723471495969 0.463876015704 0.008750161453852361 252.47714752056456 0.42994438942 0.00921627793740542
7.024704900399999 231.9582292111906 0.458936849426 0.008528957626898781 273.31989328755157 0.4231047154 0.00888441764390023
7.2044987036000006 249.2050577470682 0.454205766936 0.008312270655637085 297.24709419927683 0.416202416454 0.00855211286592575
7.3789255276 264.3671356929327 0.451739029195 0.008128964375785027 321.61560405325224 0.409898598323 0.008241458030192227
7.548656244799999 283.9052053564298 0.446041481159 0.007913775745505282 344.02893119696824 0.405504281271 0.008001168381266788
7.684843342 302.4713606639024 0.440016796806 0.007716030198660351 374.12321038502995 0.395959679505 0.007667288801635276
7.838473121600001 322.37673799638026 0.434814244064 0.007520929737092003 404.47199010464965 0.388502201235 0.007391403187749915
7.9860650496 346.43692813556333 0.427429867927 0.0072946788663138225 441.79745300521137 0.378809310449 0.007077734702885296
8.1296317432 370.3120690530978 0.420929530641 0.007093746975663129 480.7635520116959 0.369732792743 0.006787971009618438
8.262464478400002 396.22463219859424 0.413656508771 0.006896300171900185 525.7805089918342 0.359398127178 0.006490247396756163
8.416094258 424.43448486096145 0.407173385654 0.006702574171408932 569.4503929814839 0.35181804385 0.006250091949921721
8.5422182692 455.92622405850113 0.398818791219 0.006496370527404259 612.1979373978927 0.344444631028 0.006039231497701169
8.679747111200001 488.04579274501845 0.391739215046 0.006310517302793792 652.3855788370716 0.339075270474 0.005869095473134109
8.8206303152 520.6319202666866 0.385491473369 0.00613650553236479 697.8281049098666 0.333207140922 0.005686463675868209
8.966209626 555.7916086238457 0.379307497354 0.005972198313257602 744.6728854310059 0.327912578475 0.005523262835246518
9.0889792752 589.9356743319896 0.373252984991 0.005826987247216967 795.5033474646062 0.321640136317 0.00535436689826765
9.2265081172 625.8990660498413 0.367894602361 0.005683741642829698 841.6831709685704 0.317447912359 0.005222035921739863
9.3278098496 661.022984993452 0.361955160643 0.00555772411343345 891.6021695981264 0.311845512307 0.005084252303017549
9.465338691600001 697.2712449361178 0.357649084285 0.005438281469141769 952.6910248754643 0.306156401919 0.004929925279422317
9.5995131716 735.0714319526153 0.353299693784 0.005322173938861041 1015.4381663777538 0.300774034473 0.004785593252455482
9.7182575864 772.8778804499394 0.348840268759 0.005212145819416364 1084.316112679137 0.294688811539 0.004638682567346254
9.816204956799998 808.4343686253912 0.344544946254 0.0051152711714205525 1160.7032092921122 0.287721686038 0.004484908900757816
9.900734879200002 845.9394923118003 0.339745657672 0.00501729110470576 1248.3348242015086 0.279852585576 0.004323925243235075
9.9778852052 884.2871338667678 0.334910045899 0.0049224872507008756 1344.8565091489563 0.271747041842 0.004165280084756871
10.0704655964 924.9161883557839 0.330531691543 0.004827464454090649 1434.4972105844724 0.265578394707 0.004034997473519128
10.136881963999999 963.6038966076688 0.325984031106 0.004740135256032632 1530.1950804272253 0.258852606137 0.003905631918011043
10.218057524399999 1013.5044442223011 0.320426334479 0.004634573435165755 1627.775117226151 0.252998368785 0.003789455242026541
10.2784360404 1060.0026575440677 0.315191105745 0.004541911059778688 1726.0991851182564 0.247151926451 0.0036810675417357133
10.3401563012 1108.3423536390587 0.310110838473 0.004450016160518308 1827.5022395482692 0.241651429884 0.0035783037781753706
10.408585286 1154.5833721695765 0.305864081228 0.004369435238630346 1929.76950466468 0.236727808115 0.0034846117622348415
10.470305546799999 1200.585146461405 0.301740393427 0.004292979209131341 2033.7981438182385 0.231970860875 0.0033959432482259934
10.552822852 1251.9015094899457 0.297834587151 0.004213288099871918 2136.765351620665 0.228104232657 0.0033167152356423394
10.6172266024 1306.27230647201 0.293364459184 0.0041325011547433685 2239.617497983956 0.224172101093 0.0032426934569951245
10.6883390768 1365.0145394579533 0.288919123578 0.0040513434741620185 2344.411127061222 0.220578835496 0.0031732486888142964
10.759451551200002 1426.617826245454 0.284506226262 0.003971368882734238 2448.830689320929 0.217266712018 0.003109146062540923
10.8305640256 1490.8587458621082 0.280161375661 0.0038932291051573106 2554.0817893493095 0.214154482758 0.0030492945590001384
10.911739586000001 1555.8251431328833 0.276316697938 0.003820373554240219 2646.2612419611105 0.211972527629 0.00300160724586418
11.0016364876 1629.3919027053828 0.272243102314 0.0037424791511597773 2745.1437247537406 0.209838440095 0.002953328123050524
11.062685876 1702.4192432972231 0.267829234453 0.003668929444036408 2845.501666269573 0.207252661175 0.002905253270917213
11.139165329599999 1779.0704232671883 0.263817633378 0.003595993098797807 2940.0849261445637 0.205304666552 0.0028627138930346786
11.195518611199999 1852.535036953955 0.259851032715 0.0035306420179332674 3039.6485120714424 0.202939349148 0.0028195440132375857
11.2592514892 1934.2125007344346 0.255762516534 0.0034618143474281484 3147.3104857235967 0.200576981519 0.0027749964052000676
11.321642622399999 2009.8223874947294 0.252303702724 0.0034029516635843346 3256.105832265524 0.198293646701 0.0027322169526444134
11.367261945600001 2080.083367987081 0.249012219659 0.0033498871702942338 3366.9498438859 0.195791325493 0.0026893503275028778
11.414893886 2147.6026431600476 0.246099577408 0.0033008400050860234 3478.793492898112 0.193428429863 0.002647683702588978
11.4544753576 2221.33792293531 0.242826053691 0.0032494875324223216 3596.279325060628 0.190905391566 0.002605889194670011
11.4907024672 2297.5314405181903 0.239526981634 0.0031985050458334823 3716.580224151469 0.188387145766 0.0025647114519874604
11.536992662800001 2370.358385053758 0.236773928775 0.003153209404422189 3839.446404631697 0.186097710531 0.00252534749375874
11.567181920800001 2455.4488700864517 0.233250010415 0.003101423467081515 3964.949428881297 0.183610612449 0.002486414807336651
11.596029433999998 2535.7996439883523 0.230102503916 0.0030547471622918553 4088.4600226591415 0.181269329395 0.002449661740645336
11.6510409708 2622.285549393021 0.22735453034 0.003007146409843255 4215.19883173469 0.179372479686 0.0024142765052785225
11.6886098252 2711.410836917171 0.224312570611 0.002960607205925666 4343.059562348454 0.177284325163 0.0023802451952746476
11.728191296799999 2817.3512524338757 0.220805376332 0.0029084956686207613 4466.072597562497 0.175419648804 0.002349637926733209
11.7657601512 2934.7956724713517 0.217040738137 0.002852720601154034 4590.31235389279 0.17358552261 0.002319482803612123
11.7892406852 3053.808481825445 0.213199342968 0.002799485096131967 4708.726794188059 0.171732706694 0.0022920759071759617
11.8254677948 3203.7005873923345 0.208797608514 0.0027356031995520555 4827.151884562118 0.170135785774 0.0022654298692910313
11.883833693600002 3367.985436272892 0.204652174619 0.002671474590620953 4936.946526535645 0.169064825345 0.002243104890560779
11.921402548 3560.5542039953884 0.19967627779 0.0026017914254872457 5046.025060544788 0.167757436125 0.0022218051061958554
11.9764140848 3757.25152219267 0.195281539974 0.002536526971779207 5159.511317893731 0.166668924208 0.002200525185438607
12.0206916632 3998.957667635095 0.189993478164 0.0024616752745467937 5268.479700020398 0.165547176451 0.002180370906527708
12.056918772800001 4254.8107577145665 0.184752912364 0.0023891493126916284 5391.47710920535 0.164142371809 0.0021576347304659905
