0.16369286560000001 0.5694434359908616 0.207606750254 0.02797623845437165 0.6804366838852047 0.19119182545 0.04562956155313724
0.35623324440000004 1.3118056799206252 0.298339455823 0.029880523529787786 1.0878654910109489 0.3250648442 0.057592368271895136
0.5018125552 2.0026702109507575 0.341150663851 0.03206722670545586 1.6420872442867946 0.37383487915 0.05495561359900783
0.6950238064 3.064654287371763 0.383272810163 0.027904074598699365 1.9536830413320367 0.471431689211 0.06226863629839424
0.858716672 4.577882117531734 0.389687089655 0.025690484091772017 2.8992229394985856 0.482075502406 0.05360802315721743
1.0277765168 6.350283147736214 0.397531598307 0.023713542992427852 3.9497529875778783 0.496849482528 0.04881536699785396
1.1914693824 7.81385048832906 0.41603925899 0.023060521544281506 4.9020521008177 0.518289001148 0.04669225221893088
1.3558331203999998 9.624599188271235 0.427331922302 0.021788490593150217 5.6116684985165675 0.551351623088 0.046438768623242074
1.519525986 11.470849472411945 0.439257123813 0.02086654949994022 7.125465863090791 0.550626463318 0.04184088627352714
1.6986489167999999 13.3041102375339 0.456287463873 0.020628552967763385 8.542010513268139 0.563374668839 0.03950245782406306
1.8864931888000003 15.46994343040417 0.470351065293 0.020023654482016415 10.43928482252423 0.567494834738 0.036842343403446685
2.052869544 17.566827062840098 0.480692294966 0.019357347985148106 12.250808178492584 0.571182223739 0.03478320123168555
2.227296368 20.78462774777647 0.480190044084 0.01824615806624931 14.5912109242085 0.569122140512 0.03240936467927057
2.4097736608 23.972593063051672 0.484255673815 0.01739679893134307 16.70648720876255 0.576183848419 0.031109043690835905
2.5634034404 26.74045812486208 0.488096002376 0.016799337241654742 19.75526776542893 0.56489089727 0.028595074283070676
2.7398428816 30.578021351645113 0.488338176003 0.016125754475502914 22.316525874285222 0.568680421919 0.02744310812540136
2.8773717236 34.500193134943295 0.48329179007 0.015540069486702222 24.984006158383636 0.565107634742 0.026199000226131572
3.0195966723999996 38.084346566742916 0.483039345107 0.01506436154145528 28.130998700766803 0.559564916356 0.024825500990222092
3.2154914131999996 42.605988756414575 0.48661070313 0.014652704809320636 33.107709794090496 0.55013562832 0.023018377936885236
3.3892473647999997 47.58214524940754 0.485672647852 0.014146171519886865 36.927756226401335 0.54951269152 0.022034525717433702
3.5777625092000003 51.803811135447035 0.491521864765 0.013844752917998146 41.19806316749767 0.549618695808 0.021115002364435476
3.716633096 56.43741021091836 0.489441425534 0.013466178865123253 45.284187060120004 0.544994041199 0.020220998063418826
3.9360083708 63.141623913290864 0.490317024665 0.01303158982336048 52.98241615746289 0.534245950828 0.01878741882152858
4.1043973432000005 68.47952195150229 0.491150769837 0.012704109642159721 60.37361440878256 0.522411591821 0.01757787336805586
4.2627232296 76.08040834059159 0.484249115451 0.012228220250565967 67.97795104109206 0.511747972762 0.016601234246707692
4.432453946799999 82.95841771128775 0.48240708604 0.011872197101699471 75.33194668518439 0.505797682903 0.015845043619170048
4.605539026000001 90.29535589413804 0.480636841305 0.01154641655122752 82.05163255425173 0.503788154707 0.015329318256409784
4.7980794048 98.72231296314241 0.47906834341 0.011179456344918081 89.23883825761708 0.503461894477 0.014848532991468917
4.9805566976 105.53900425352533 0.48106972026 0.010960367444453962 98.12591955885448 0.498623466979 0.014223372758891904
5.159679628399999 113.4988416281619 0.480712304421 0.010728779670645108 105.46966139237284 0.498395696078 0.013849768500413528
5.333435579999999 123.72084599465929 0.476112059423 0.010438393605132774 115.23147931787679 0.493085006555 0.013314484411195015
5.5125585108 132.65185277184446 0.475367394072 0.010222831907422762 123.81199448320707 0.491808346232 0.012951920233527115
5.6883270796000005 142.5129803943484 0.473375654387 0.00999074566810792 137.6905648269156 0.481484720193 0.012296738756174503
5.8822092031999995 152.3850669379845 0.4734896484 0.009776214906049466 153.06187217337038 0.47245476089 0.011679311843049395
6.0479146859999995 163.22608534261198 0.470501967474 0.009582852321055327 170.30360781818246 0.460737048457 0.01105536616382993
6.271986067599999 175.9270770003755 0.470097943242 0.009332283877758328 187.10939150497362 0.455992455829 0.010599494110425276
6.42360323 191.09582628130238 0.462111532726 0.009043050749809793 207.09672728879826 0.444088806404 0.010067127800777238
6.5825999888 205.53334385595653 0.456733099138 0.008803978420809117 225.9775390763179 0.435789278331 0.009655510854834294
6.7543433232000005 221.80554811831462 0.451247488408 0.008556211221641193 243.46240685298534 0.430900891441 0.009345459885466185
6.9314536368 238.91101129364267 0.446299338509 0.008317335977386354 263.5554995705578 0.42510979016 0.00902117417675463
7.07770382 256.2076573797047 0.440164419814 0.00808812704251452 284.06089398661067 0.418213415234 0.008716547946118066
7.242067558 273.6135083332804 0.435907807203 0.00788682001624654 305.07023545215014 0.413007368554 0.008443999428900494
7.3943555928 289.45831404966077 0.432786610096 0.007720352046994062 333.78396040333104 0.403251333809 0.008070677813935393
7.537251413999999 311.46022052853266 0.425377026976 0.007501277774263586 360.4352932242114 0.395636325649 0.0077864637575675
7.6767928732 332.11421270614085 0.419638880655 0.007326115210541851 389.70518971578576 0.387610147831 0.007497784862460067
7.8096256084 351.86596482272 0.414807707196 0.007164153473008596 421.5501950105158 0.379203918194 0.007216208539427261
7.9545340468 373.26115166176504 0.410276511389 0.007003457092723481 454.27019146750433 0.372132413435 0.006968252790125543
8.0846832924 398.0821509587823 0.403846653205 0.00682273429778676 494.17631365186134 0.362697266791 0.0066852819151468085
8.247705285599999 421.6025673897778 0.400382100713 0.006669113827903146 536.1280018464358 0.355296586381 0.006428583305112502
8.359070104 446.98342756438086 0.394154951124 0.00651051595120998 580.651253329302 0.346069422621 0.006178105183993793
8.483181498 475.3828129013302 0.387929649728 0.006345476918055564 626.3644518945721 0.338196641205 0.005954825500018885
8.5885084648 503.8756392979862 0.381530503276 0.006187570364230794 681.7313521141161 0.328248718745 0.0057031217965487395
8.7407964996 535.7760596565121 0.376603940239 0.00603488569976879 735.6074408411305 0.321640893797 0.005500485601167623
8.8729583624 568.9768819667745 0.371020734289 0.005883150975782873 784.0922966328392 0.316277885651 0.005340080991633155
9.007132842399999 608.480987600141 0.36424773253 0.005715373409628321 839.7787230952016 0.310263401865 0.00517311460770097
9.1332568536 648.3992667979855 0.357840588038 0.005560969101510696 885.8452360944342 0.306339512839 0.005052771897385774
9.2694439508 689.7424754608659 0.352161421507 0.005416694837582813 936.293883384057 0.302435903049 0.004931876047184061
9.40898541 728.4201539055707 0.347873106789 0.005294184787687929 986.9593039326139 0.299023493346 0.004817762959549386
9.542489017600001 766.9253159403673 0.343865197678 0.005184995798590231 1035.6146659952606 0.29607221763 0.004719506607710689
9.6766634976 812.2261282233445 0.338866173323 0.005063039459754584 1095.1402219969352 0.291979982309 0.004604000868571165
9.8001040192 852.3905791557813 0.335028953273 0.00496377011540698 1163.2002623344517 0.286942788377 0.004477671055873111
9.928240647600001 892.4860519974114 0.33171823442 0.004870323642791972 1236.467824795029 0.281968918668 0.004349437018205384
10.014783187199999 929.6540041478016 0.327871689 0.0047884677774495295 1319.6403044421525 0.275337800125 0.004212420551072815
10.07985781 970.410661263106 0.323018476524 0.004703083448410003 1419.5496325007998 0.267218399343 0.004061191116910794
10.1476159224 1005.5640745584828 0.319470783236 0.0046315309428166885 1521.240672760648 0.259886243388 0.003920412353598036
10.1952478628 1041.2851104853528 0.315432590719 0.004562896158802155 1629.6901982794109 0.2522861347 0.00378538031041909
10.240867186000001 1080.2959411456113 0.311086637539 0.004489598509665938 1739.9648210486816 0.245268239558 0.003661293031053738
10.2905117436 1120.6168859106026 0.306934520821 0.0044154541525990125 1847.8699888119468 0.239165716777 0.0035508621137417973
10.3508902596 1163.8031279910977 0.302967520976 0.004341413477678953 1958.4370014574538 0.233690475391 0.0034491459192684754
10.401876562 1207.1093401273865 0.298962311121 0.004271550813248138 2072.075826249796 0.228321137008 0.0033536291453565795
10.464267695199998 1255.1539259246013 0.29495690098 0.004198160918616095 2183.4885246182594 0.223762367134 0.0032680524815905496
10.5273297008 1300.8602380930442 0.291486682431 0.004131974856854662 2291.792699912884 0.219734666382 0.0031917850518520374
10.5883790892 1349.931742983322 0.287810950456 0.004063799566876156 2399.547012859346 0.215996105155 0.00312214770393153
10.646074115600001 1400.2610910053997 0.284142401183 0.003996977789393966 2510.3409131089343 0.212332562264 0.0030551414323285405
10.7057817592 1462.4952413569765 0.279603490164 0.003917916613692709 2624.448450029364 0.208835582134 0.0029912084631219917
10.7547554444 1530.3808250777204 0.2745954275 0.0038372955233086153 2725.495716571373 0.205869752611 0.002939358153358651
10.824526174 1604.4575104834373 0.269933974128 0.0037546026623966515 2826.871763648037 0.20345999555 0.002890955518245327
10.913081330799999 1691.0368442432148 0.265096955122 0.003665720995236168 2928.45674014821 0.201538759977 0.0028466830010490654
11.002307359999998 1775.0283054699748 0.260875564482 0.0035853771071162684 3021.5758536650437 0.200033981629 0.002808143059318623
11.102938219999999 1868.929420690954 0.256573803517 0.0035031827892466954 3117.2801932645248 0.198743302184 0.0027718099049115893
11.183442908 1952.4494706041878 0.252855155644 0.003435948790769204 3214.405992515387 0.19713948686 0.002736089971345805
11.267301958000001 2044.9981378884997 0.248928946285 0.0033659750211009957 3306.7292470780208 0.195827761655 0.002704073215992871
11.3471357736 2130.79309086917 0.245601398247 0.003306145961796899 3393.399995560546 0.194682518073 0.0026761835008348904
11.4195899928 2219.936535892968 0.242163411318 0.003246452643634578 3493.2118722488103 0.193108629251 0.0026432502675942746
11.4779558916 2304.896377793563 0.238879562289 0.003192085721372206 3598.9060555438614 0.191226771515 0.0026083612186328193
11.519549980399999 2374.056036038541 0.236232354515 0.0031495831719457234 3706.5058802663248 0.18911607253 0.002572543333175842
11.5665110484 2435.781726810494 0.234174726588 0.0031128985935331864 3838.059690545747 0.186607287159 0.0025292873492492552
11.5805993688 2503.087714398794 0.23129094964 0.003073152143563008 3967.092580217029 0.183773877455 0.0024879785332380306
11.606092519999999 2576.1870392885326 0.228492383613 0.0030314280971331345 4100.5975961874465 0.181158108685 0.0024472740630315263
11.6322565436 2644.637036726831 0.22602841027 0.0029942933302442 4232.273024736721 0.17872214783 0.0024092238519957333
11.6658001636 2726.2148011122217 0.223267343365 0.002951879205233728 4362.7146635049985 0.176539849173 0.0023740452279610628
11.6892806976 2802.9660991200876 0.22063653349 0.002913164211393674 4490.282283760592 0.174366359445 0.002340635742958739
11.728191296799999 2904.8128489648584 0.217460364112 0.002864285055981274 4618.686668749436 0.172499621321 0.0023093472812239996
11.7724688752 3016.6677308683916 0.214201105664 0.0028137698103862076 4738.528521924693 0.170948825839 0.00228196210365791
11.814062964000001 3146.9014930444605 0.210468113837 0.0027582709201614377 4852.011823611054 0.169536126492 0.0022574144247755478
11.842239604800001 3302.1071182554006 0.205958154802 0.002694519954106502 4965.140706070406 0.167994693309 0.0022328847353522115
11.898592886399998 3513.766030650792 0.20061543989 0.002616648220452492 5079.233163079481 0.166888764652 0.002211752116390146
11.9334782512 3736.12634742162 0.19513057275 0.002540884571330254 5189.231180294781 0.165595758524 0.002191178478190905
11.9911732776 3997.566624760891 0.189560096293 0.002460012322066932 5296.547208975772 0.16470299918 0.0021723720149390063
12.056918772800001 4255.449108216686 0.184739067718 0.0023889672953325896 5391.47710920535 0.164142371809 0.0021576347304659905
