0 0 0 0 0 0 0
0.39178948160000004 0.7649244848673883 0.416131517239 0.04430519641970928 0.793180446774912 0.409593543188 0.0782038709752327
0.5742667744000001 1.2638304417113233 0.47802639001 0.0418720570284213 1.3799053142516258 0.45976253816 0.06984700845753304
0.7359470228 2.147467517159388 0.476979500476 0.03582629603086903 1.927587241534523 0.500798439557 0.0653300675851826
0.9197660604 3.25425099702236 0.48829646475 0.03476240864011955 2.4663756050584476 0.553971966331 0.06399183893458443
1.0841297984000002 4.180228567275257 0.509502113037 0.03183563577139123 3.1203227484204787 0.58252918466 0.060287657994295474
1.2511770260000001 5.907778695769009 0.498030038662 0.027126082060310416 4.681555659246899 0.555008523889 0.04928745780596478
1.388705868 7.328326982529893 0.497946464902 0.02515728998524406 5.181083914520974 0.585501533815 0.04988996701550435
1.5792336296 9.014147637481082 0.511662550939 0.02326114673897944 6.183216668603801 0.610587830912 0.048010604471648045
1.7241420680000001 11.227954431256178 0.502152835727 0.02136937513297004 7.476155982133888 0.608403396657 0.044380640770690614
1.8858223164 13.016718859565739 0.510781812237 0.020580703478040804 9.189902112904416 0.602439247876 0.040492280056501934
2.0984888672 15.585901724844032 0.520241130477 0.01981602414670346 10.190556823564144 0.636545969391 0.040753612720274314
2.2762700532 18.28947820017969 0.521754490111 0.01899718748372988 12.534591420934143 0.624817636244 0.03707731862838198
2.4614308356 20.810974973978063 0.529418166215 0.01829105381192406 14.338188163817005 0.632658274029 0.035471672944682814
2.6405537664 23.520005382747975 0.534734029713 0.01772730761762676 15.837537459097517 0.646251921407 0.03467238438080926
2.847853338 26.993545842718937 0.538897489883 0.017633903703794526 17.891780509782038 0.656501303869 0.033460907344558796
2.9981287556000003 29.23012180269414 0.545446333083 0.01734960559904587 20.006075164809143 0.65452443233 0.031857556413502054
3.1356575976 32.6803667732083 0.540072377323 0.016747911306963466 22.09970387944958 0.652106605225 0.03073072313849781
3.3020339528 36.2287530174292 0.540566596288 0.016303400676033586 25.474829506884205 0.640802505877 0.028650206135955952
3.4925617144000003 40.03245422624543 0.544250670057 0.015809269171727647 28.97878949219441 0.636371461645 0.027105361537658246
3.6575963247999996 43.58140991512152 0.54655441142 0.015376286185678992 31.443289055710338 0.640206905246 0.02633588687304976
3.8454405967999996 48.8300145140953 0.543308298735 0.014823666803790509 34.44783959955108 0.643531196927 0.025607231135873192
4.0178548036 52.78804195351467 0.546200131055 0.014506189921432565 37.66542923747408 0.643520041205 0.024674973090490868
4.174838945199999 57.50277625552546 0.54408010184 0.014102250405535843 40.641738449294 0.64411033554 0.023960293655703596
4.3714045584 62.96775750070819 0.544689765701 0.013677293977660005 44.884266970069184 0.642306786791 0.022963232769947717
4.5525401064 69.22903106716595 0.541315810925 0.013225306754846036 48.73807744038757 0.642331874025 0.02225903223923375
4.7182455891999995 74.5475223589816 0.540849415355 0.012931186203482338 53.622493951891535 0.635209426955 0.021264488688108017
4.903406371599999 81.55881999285215 0.537644657492 0.01255025741740929 59.13056218807994 0.629142157015 0.020364836811938663
5.0731370888 89.10748729495924 0.532444780042 0.012214840857831446 66.93060577977053 0.612507395824 0.018987587399089685
5.2656774676 96.88894393113915 0.530215823161 0.011849753107823421 74.45860059127546 0.603246006661 0.018017428830812563
5.4575469739999996 104.92953430394252 0.52825969564 0.011501323766865199 82.09032058686186 0.595857652708 0.0171845939924428
5.595075816 114.95836602912206 0.51768856556 0.011102525419644224 91.75889610229501 0.578302832136 0.016176543677414525
5.7788948536 124.50964773616032 0.513966206658 0.010797986938104857 101.58731081450178 0.568045859257 0.015390380415034852
5.9593595292 133.716438068131 0.5115972135 0.01052642451445154 112.72520614253266 0.556452564816 0.014588824425974574
6.1364698427999995 144.97911023629155 0.506109515937 0.0102113023633768 126.19795027244426 0.541911635964 0.01375686535908593
6.2968083464 156.5111061478201 0.50000465842 0.009916041925029715 135.32902331485988 0.537165489242 0.013327565341227412
6.4826400012 168.99973184636633 0.495526871015 0.009631779478244468 146.97050799282928 0.530872272278 0.012829230498843686
6.6839017212 181.50259903867757 0.493122976926 0.009393801233569523 158.19632594226323 0.527734901385 0.012434225567487075
6.848936331599999 196.13416712404089 0.486236816364 0.009145102027509977 175.2042280531854 0.514111685829 0.011805521065527586
7.034097114000001 211.03192493683366 0.48155732592 0.008878841889665272 188.6301387293871 0.509022023625 0.011406783924619076
7.2004734692 226.19428069572706 0.476255654255 0.008649403907099026 204.44757283068964 0.500668452145 0.01096365895432098
7.344711035199999 241.88610911952898 0.469886872518 0.008429382949400935 222.5058579266825 0.489711798866 0.01049235116580673
7.525175710799999 260.404159241164 0.464109899009 0.008189579056670676 243.40027657631015 0.479889202082 0.010031602748890752
7.671425894 277.52182310643 0.458400271081 0.007996001844550335 265.7575267019633 0.46834265208 0.00958379051909687
7.800233394800001 298.71035258918545 0.449374652807 0.007768243489797992 292.115626714186 0.454374949288 0.009112024318186066
7.917636064800001 318.99047803028935 0.441493949948 0.007577049856150281 322.49354889372256 0.439108961826 0.008640419759374534
8.0793163132 343.5181218866203 0.434220764285 0.007356741547882643 355.1977470757446 0.427076271137 0.00822569220836778
8.2490470304 367.23605792232973 0.428861703058 0.007171478187893388 384.86852536988664 0.418993362847 0.007914855400150644
8.429511706 392.1005207947331 0.42418825234 0.006992493941098441 415.2145768182076 0.412293499259 0.007639071806522513
8.5697240376 418.07950254786584 0.41769930153 0.006809648920330088 449.24679574832754 0.403043840408 0.007342082397105058
8.717986838 449.84528448959 0.409723455891 0.006599486073355238 492.80064851329075 0.391568332596 0.007002025877051326
8.8729583624 478.99719979758976 0.404174904032 0.006430735665790256 530.1794300589943 0.384284026047 0.006759257384578747
9.0406764624 510.3446476458874 0.399019762504 0.006263776742439406 568.8947871233285 0.378042580217 0.0065330153984271555
9.1735091976 546.3924291851498 0.391358402218 0.006082417178887131 622.2597957256592 0.366849350625 0.0062409224419659745
9.3224428704 583.830329284807 0.384801471298 0.005916977895668846 671.7760622071434 0.358853849396 0.006015402701071183
9.4579590952 623.7271154681998 0.377753106954 0.0057531706973143635 718.002925349115 0.352196486522 0.005829706628419774
9.5881083408 665.3418816131541 0.370827887607 0.005597834575907816 760.4212121891777 0.346974027125 0.005675399375341968
9.7149032244 712.8849841997406 0.363033578996 0.005432578885491553 816.6125780383303 0.339291310053 0.005479398317783412
9.818888446399999 758.7114531226048 0.355706073902 0.0052896610904850745 871.3554900382504 0.33201067179 0.005310071211671584
9.948366819599999 806.9890354759616 0.34948561458 0.005151950212014826 930.6281324387027 0.325531245486 0.005145302738299772
10.051681169200002 853.7482382065666 0.343340407405 0.0050298231229497945 1001.755941781636 0.317054461152 0.004958453443046831
10.1778051804 904.2035837251032 0.337838637863 0.004904071661791753 1082.0435687858933 0.308924994796 0.004770416971525861
10.2884991264 956.1351522465708 0.332136258717 0.004786238878065681 1162.8714443707388 0.301264285135 0.0046018071819177095
10.3743707936 1003.3538396458534 0.326955661304 0.0046857757454869566 1246.5855590234362 0.293426951319 0.004442926577656475
10.4676220572 1046.113915005685 0.323099789404 0.004599972949586272 1329.2480182322274 0.28673223033 0.004300270253405943
10.557518958800001 1091.8523040074685 0.31899382435 0.004514036892490576 1415.0729588549839 0.280306884323 0.004167378989834108
10.6185683472 1142.6906103019683 0.313639743574 0.004423816945576762 1508.4051634879277 0.273085480309 0.0040358243528775
10.6863264596 1195.9433621165033 0.30855193707 0.004334441271553828 1600.9770177234225 0.266780336598 0.003917492392453247
10.760793296 1253.4211420199 0.303512190236 0.0042444028151669335 1692.0718363943738 0.261321742048 0.0038119339364083697
10.826538791199999 1310.6277941239828 0.298643913874 0.004160408100230329 1794.0663936153737 0.255349172702 0.0037023232076583298
10.8902716692 1362.9005668252348 0.294597996875 0.0040885811580976495 1897.3217694238192 0.249777635466 0.0036004462586181362
10.958700654000001 1418.7853927587894 0.290564840406 0.004014438422633848 2004.122307731995 0.244569265625 0.0035027802749753776
11.005661722 1478.2712160587507 0.285891700608 0.003939578605548986 2115.107804328247 0.239096889355 0.0034092259045945344
11.064698493200002 1539.3116520016579 0.281680807503 0.0038670467606907568 2228.1817652434097 0.234209999596 0.003321573290649259
11.116355668 1598.8726120698402 0.277685636801 0.0038001187668770474 2346.0001458977777 0.229327416054 0.003236807610407034
11.1854555252 1659.0576453352053 0.274306452794 0.0037364119952861797 2464.340788806033 0.225151710298 0.003158891796376017
11.237112699999997 1720.3185753315174 0.270631610277 0.0036759885881772485 2581.261911208904 0.221016171127 0.0030883062817095553
11.2914533644 1784.7724029941419 0.266993971645 0.003614254575122243 2703.3860551726343 0.21701707467 0.0030185449825069943
11.3525027528 1853.6450931143424 0.263412223775 0.0035516675359713976 2818.2586168725375 0.213702702412 0.0029577567846400706
11.3900716072 1923.6995950315466 0.259435916786 0.003489851164160243 2931.3915532209044 0.210236760681 0.0029003042407951783
11.444412271600001 1999.8397360532547 0.255671585844 0.003428328827328837 3051.512313237638 0.207045028217 0.002844960950741577
11.4994238084 2078.0647710988183 0.25202680454 0.0033681105789872515 3172.973318313695 0.204023812851 0.0027919702036163277
11.5363217904 2159.9735416938543 0.248003175162 0.0033072746491597045 3295.1268592132237 0.200852931423 0.0027409241595299713
11.579928496399997 2248.4763342885767 0.243999860059 0.0032461909685962856 3414.264171754061 0.198066989171 0.0026948558010373848
11.609446882 2339.2378548144757 0.239836734215 0.0031867629530126667 3525.5452846952608 0.195416076556 0.0026536506356709903
11.663116674 2441.4519257953307 0.235855116065 0.003123408665350333 3642.596805767485 0.193142370324 0.002612956326905673
11.695989421599998 2534.2698828436046 0.232154439918 0.003068415448735712 3763.556961367656 0.190551780099 0.0025715487053671387
11.7496592136 2642.823665922958 0.228386195351 0.0030090389172181594 3890.03689362787 0.188291191125 0.0025317149704886703
11.793265919600001 2749.4519462872604 0.224750670695 0.002952715212259269 4015.2820779644358 0.186021728254 0.0024930119264528843
11.823455177600001 2853.3846884692193 0.221189614333 0.002900789799748201 4133.363906268341 0.183817026177 0.002457855100767524
11.855657052800002 2957.3359925194354 0.217864016956 0.002851815928132148 4264.077566394619 0.181472999362 0.002420899722100991
11.882491948800002 3062.0657017502986 0.214595077381 0.0028048201364615877 4389.279254275898 0.179273108157 0.002386901982598545
11.914693823999999 3167.1462565115785 0.21158109854 0.0027598310248530184 4522.540572503415 0.177092890107 0.0023522122911042043
11.9361617408 3286.9613176441244 0.208067797026 0.002710530355836162 4652.370595286272 0.174921018597 0.0023195043590601345
11.9522626784 3415.5931607287835 0.204392081772 0.002659910044193286 4781.6687369035935 0.17277448602 0.0022878964325244626
11.97507234 3565.881752170122 0.200424990317 0.0026047185660827235 4903.528102253679 0.170941372841 0.0022599974691512262
11.998552874 3736.9371281803765 0.196172811823 0.002545891340451836 5022.853852455277 0.169231354194 0.002233933783478241
12.0200207908 3930.9641168545513 0.191617237576 0.0024834621874636736 5148.80239985162 0.167449270187 0.0022071068790861814
12.044172197200002 4104.136624111291 0.187911708929 0.0024316976740557028 5265.6060534313265 0.165915644213 0.0021830857596186813
12.056918772800001 4254.529410056318 0.18475901526 0.0023892283438118234 5391.47710920535 0.164142371809 0.0021576347304659905
