0 0 0 0 0 0 0
0.3334235828 1.2121877404221113 0.290340275031 0.03220472113524282 0.8062007725322783 0.349355197674 0.06929109856029261
0.5004708104000001 2.239377740938753 0.323014799027 0.028055949630000257 1.5179924114377024 0.386486130952 0.0586636587877954
0.6581258243999999 3.120020260941794 0.360523066736 0.029988532974556132 2.5036447160603985 0.399456544424 0.04922883430292242
0.8385905 4.469969347593373 0.385118532308 0.027072499439760086 2.731470352573896 0.48428674539 0.05507684656297306
1.0083212172 6.041887818838491 0.399533077563 0.02440388407116925 3.211457095182355 0.536511543056 0.056565962610481996
1.167317976 7.708222918500512 0.410454198908 0.02272880168922367 4.1187541228841775 0.550795362778 0.05257111362425556
1.3410739276 8.955112877739872 0.437603402235 0.022525808561777362 5.367115598504438 0.556974633459 0.047394822095197964
1.5067794104 10.834015835900987 0.447738263534 0.021636936969957058 6.1203101042915895 0.58633407877 0.0469871736660362
1.6885858308 13.00531933051555 0.458613000654 0.02075865222536578 8.203953874795697 0.570873536165 0.04118504605415589
1.8522786964000002 15.636170159800999 0.459606430361 0.01959841250465985 11.191605562007702 0.539374628871 0.034880314176508186
2.0501860544 18.177188032327063 0.472233037242 0.01882110877964797 13.292885277797122 0.548722215514 0.032905421880012255
2.227296368 20.924539396259746 0.478635352416 0.018191472598999534 15.116343392880104 0.559599294488 0.03174229886964695
2.3923309784000004 23.528263025785225 0.485181011723 0.01767307542540562 17.252959601703132 0.563360445705 0.03028048671932074
2.5707830368 26.171555655630307 0.494609485251 0.017314776753858556 20.547823000932922 0.555880992809 0.027974117968644175
2.7096536236000004 30.337534406626144 0.484889535294 0.016383840910609664 24.125241690217877 0.541796559964 0.025910214900798898
2.8458407208 33.6317114996232 0.484035169544 0.015858277059644026 26.716217341109903 0.541218488458 0.02488833745717121
3.0122170759999998 37.52700870857336 0.485348481143 0.015351696697922291 30.494010911811934 0.536850333698 0.023540912243236733
3.1893273896 41.9971319504872 0.486100914359 0.014860194183511298 33.55148384024666 0.542214008192 0.022861868018120145
3.3751590444 46.913338166877914 0.487033729587 0.014328133367496514 38.57302387397069 0.5357914604 0.021434251704769217
3.5670285508000004 50.890306089156084 0.494344896669 0.01402915500185665 43.265703712168936 0.535087210269 0.020396971169376697
3.7146204788 56.20176638652347 0.490182015917 0.013533897172589297 49.07500503380108 0.523767533825 0.01913234070324823
3.8903890476 61.86650756686609 0.489560108247 0.013140568667741385 56.2628656770807 0.512847869624 0.017880425257611555
4.0467023168 67.7577122864317 0.486835805127 0.012768684043254423 61.386573356090686 0.510968879578 0.017301672852117228
4.2513183988 74.02710648957316 0.489495494585 0.012459953077694813 66.53391935060525 0.515789469318 0.01690835788269546
4.4418461604 80.21124360180468 0.491484178214 0.012139157345719838 72.59342681756868 0.516147156083 0.01633873199866604
4.6538418388 87.71015101596849 0.492620260619 0.011808248025665534 80.79112225185733 0.51290638937 0.015627294905419534
4.857116176 94.53475518486265 0.49536562073 0.011653540996740675 88.16787158376226 0.512633563212 0.015137052619633988
5.0563652787999995 101.84264517249997 0.496978858878 0.011365034626199753 95.31275293822189 0.513439347679 0.014670479434712709
5.2334755924 110.33235355641226 0.494377162472 0.011108974250790118 104.81335046426517 0.507021540794 0.014034973523722644
5.3803966480000005 119.61705536856986 0.488325820944 0.010798904618370509 116.660143628465 0.494384548108 0.013267186334568661
5.544760386 129.33682849962855 0.48412999595 0.010493651241864002 129.2584316123378 0.484274748638 0.012603272293641662
5.7071115068 138.77478996668387 0.481198552269 0.010216392934447826 141.8350437401347 0.47604758347 0.01203967075459858
5.8949557788 149.52670544556727 0.478965597201 0.009942016292586321 155.9756809466142 0.46908364723 0.011515311042870922
6.0734078371999995 160.86796680138303 0.475881340106 0.00969370221877582 167.88754336736082 0.465946169103 0.011156654490729008
6.259239492 173.10978750245948 0.472905705963 0.009462213672231733 181.51185941919482 0.46195666011 0.010797589543980425
6.4128692716 185.06096304897605 0.468721849896 0.009228253266541312 197.6357873641075 0.453728358694 0.010365410273508601
6.6027261608 200.21127474146948 0.464106598761 0.008948563993096252 214.4119622168956 0.448634141768 0.01001182405752848
6.745621981999999 214.92620073028533 0.457750613808 0.008706412760884505 230.38061584790765 0.442282781826 0.009697995745929734
6.942858467600001 229.79888695064548 0.455721133766 0.008504990203083788 252.15121924690388 0.435244008255 0.00930435347480078
7.107893078 248.5066257224016 0.448767132853 0.008255519938631845 271.95162257888086 0.429160253889 0.008992776553114923
7.233346216799999 266.5794835537876 0.441041436975 0.008024861076056575 298.24812350063667 0.417166029903 0.008582362871923637
7.4050895512 283.3506715167108 0.438018860553 0.007839649919084625 323.661610433338 0.41005409971 0.008251219018055
7.5728076512000015 300.2748420149439 0.43519825836 0.007672689018455759 349.48698861086206 0.403630723916 0.007952010551551493
7.709665620799999 320.72490229416553 0.428788400192 0.007472747635019063 377.1868657621746 0.39562866258 0.007667866181127362
7.829080908 343.92906982081456 0.420572633347 0.007256798781052918 415.87822237790766 0.382713279682 0.0072874500955319756
7.9947863908 367.92806217544404 0.415301846813 0.007065098456354906 452.84383519778964 0.374595196078 0.006998496306810239
8.1121890608 390.88035942734183 0.408906697586 0.006889699695368268 490.34603866443183 0.365338798317 0.006723593232292035
8.242338306399999 416.1313702337461 0.402727138411 0.006714132085642185 532.3659500163967 0.356311944138 0.006454931732883492
8.389259362 444.11010997402917 0.396843719687 0.0065282590653293286 572.638060331714 0.349726256962 0.00623030607406504
8.5241047144 475.20772336506474 0.389866890422 0.006345690644381172 616.8986875178014 0.342409866888 0.006012287913359845
8.669013152800002 506.99709712408304 0.383916051463 0.006180960782708097 662.7913363756871 0.335999492288 0.005819570799426525
8.8239846772 539.822293603372 0.37875865099 0.006017510329448891 707.5626924843315 0.331042179774 0.005646206129232977
8.965538753599999 575.0948401347746 0.372892850155 0.005862621241417709 748.273586328716 0.32710137355 0.00550976502189433
9.0923336372 609.4999002349568 0.36737880232 0.0057239992754620815 797.6004155951028 0.321336947369 0.005348572037377024
9.2325459688 643.577917000532 0.363067577964 0.005599848979240043 850.2047129810946 0.316065096503 0.0051953401992730665
9.3378729356 677.2815544713948 0.357989207154 0.005483599529600892 908.3248241207503 0.309304180771 0.005033039849561559
9.453262988399999 712.5898880162268 0.353350654707 0.005367917474977569 967.6911113640706 0.303395098139 0.004880244577511418
9.567311296400002 749.7231556252419 0.348674081382 0.005254038572492601 1038.1790957443072 0.296475470097 0.004716295760558473
9.6692839012 792.2294047212227 0.342838010421 0.005132741298529054 1107.1566948921547 0.290174638015 0.004575269554731192
9.7705856336 832.3686299212575 0.33799976792 0.00503071114897682 1178.9740065835094 0.284164794143 0.004441095813252747
9.9007348792 874.217542046659 0.334226591885 0.004929095414718594 1259.178223353352 0.278648161774 0.0043049095840442175
9.982581311999999 913.9402229862901 0.32960684399 0.004837507790448581 1341.9574810344814 0.272167565596 0.0041735794754829
10.069794724 951.9750217597497 0.325795348663 0.004752963661398309 1429.1048536446583 0.26606009458 0.004045921605821381
10.137552836400001 988.8020989147312 0.321839150616 0.004675402139925482 1521.3081533885445 0.259623061477 0.003922043084981402
10.195247862799999 1027.6941905482765 0.317504679292 0.004596066825350473 1622.7137172172613 0.252826747272 0.003796196666173963
10.250930272000002 1065.3806831344405 0.313557101065 0.00452330609652175 1726.489278030131 0.246463390274 0.003678123701297899
10.310637915600001 1106.805448023748 0.309440878 0.004447099644186918 1838.4050645685686 0.240247974078 0.0035639218614456685
10.369003814400001 1151.8322615435764 0.305065265249 0.004367286056400501 1945.497515183822 0.234874894364 0.0034643432185485446
10.420660989200002 1197.6255766105255 0.300681527732 0.004289626955121452 2056.5479145001827 0.229593560326 0.003369255711620308
10.487748229200001 1244.089591742557 0.296925805974 0.004217564360235394 2161.14905042331 0.225418314488 0.0032888357237053885
10.552822852 1294.3186830962447 0.292927056482 0.004143871190923106 2271.71366154498 0.221236170944 0.003210379137015227
10.600454792399999 1351.0313951002981 0.28802178036 0.004063345355731823 2376.5616031364216 0.217283917814 0.0031414285839589285
10.6742507564 1414.1118985612832 0.283498334809 0.003977992520348495 2480.6666500457304 0.21416188601 0.003077702265147472
10.7601224236 1485.108679937108 0.278878427423 0.003891599874926014 2585.1821895601906 0.21148071975 0.0030205615885513276
10.8433106012 1558.9867745688716 0.27430795355 0.0038073957608748404 2679.5858138486233 0.209331965915 0.0029734052922523765
10.9077143516 1632.6943971358553 0.269648994635 0.0037302888065044023 2776.9659959423616 0.206854290887 0.002927114782831051
10.996940380799998 1712.2489437485085 0.265475551748 0.0036513561047778315 2879.2374426942138 0.204812766687 0.002880719456045521
11.062685876 1789.4611828619952 0.261247944037 0.0035790789707450085 2975.1487946555826 0.202692380962 0.002839054012008866
11.13648184 1874.1545365067416 0.256989901025 0.0035053840069883073 3074.066883049035 0.20073793487 0.0027987979468212486
11.2089360592 1950.5390027646843 0.253554845919 0.0034435541587106233 3175.2369273653367 0.198802163171 0.0027590963227817483
11.269985447599998 2025.7404794043666 0.250166703063 0.0033846990117313595 3279.2687219188015 0.196691855391 0.0027184359936815324
11.3350600704 2105.866387787167 0.246785426941 0.0033263526666565003 3380.8073877388724 0.194836895523 0.0026818392026774114
11.409526906799998 2180.2504222389734 0.244138526963 0.0032749478087086494 3489.6186767733093 0.193037751033 0.0026434884561041413
11.448437506 2246.7996989709977 0.241321404183 0.003230083263041338 3601.0067613433516 0.190679661519 0.0026038407568547725
11.5000946808 2314.3422150963866 0.238851816956 0.003187865031259324 3723.1587514811167 0.188374578557 0.0025635866755481115
11.530954811199999 2383.1385543086285 0.236015736483 0.0031447009090297953 3850.9298927834575 0.185723108183 0.002521816788580677
11.565169303600001 2451.959413604448 0.233375082898 0.00310341329492575 3975.652129025321 0.183331651241 0.0024830889224723538
11.5946876892 2529.497860112378 0.230361881442 0.0030583615101429443 4108.677709291411 0.180802297921 0.0024435666188000267
11.629573053999998 2611.8560161140863 0.22738789532 0.0030128707842576037 4236.09253267988 0.17860043746 0.002407910214472446
11.642990502 2706.4594275379673 0.223641730645 0.0029612596672244375 4360.091553946211 0.17624776723 0.002373619065265566
11.679217611599999 2817.075915097681 0.219894719907 0.002905130989267507 4488.986498367589 0.174241436577 0.0023407474457232506
11.7349000208 2935.691335886773 0.216438864731 0.0028491462661808195 4606.652125313189 0.172823364583 0.0023128557441693715
11.777164982 3077.8154814680756 0.212149910354 0.002785345018321736 4722.682921567405 0.171303411277 0.0022862020054633366
11.8214425604 3233.46815652442 0.207764755191 0.002721012478997378 4840.806662620603 0.169838048309 0.0022608217256087485
11.867061883599998 3410.397400952575 0.203090279544 0.0026534077428342676 4960.409121947445 0.168426890908 0.0022365711554116806
11.914693823999999 3608.2124595176933 0.198243101708 0.00258344934674396 5071.324329282872 0.167244663693 0.0022151538690533476
11.9629966368 3814.163473330684 0.193603650186 0.0025160016364748844 5185.325691188519 0.166067671602 0.002193524046743969
12.0092868324 4027.7610707281824 0.189134068315 0.0024519982479522763 5289.436173673562 0.165062459647 0.002175131168513562
12.056918772800001 4255.358972831962 0.184741022402 0.0023889930601378212 5391.47710920535 0.164142371809 0.0021576347304659905
