0 0 0 0 0 0 0
0.36965069240000004 1.0093822213467585 0.34833384279 0.03303907539376462 1.1930905946934853 0.322876091911 0.05432865290203254
0.5340144304000001 1.9896172375703138 0.363306949349 0.030799475581898755 1.5251099960891015 0.410278467826 0.06125317208392169
0.68764421 2.86567070347689 0.391401344748 0.03029650211728445 1.9085014891067278 0.471624024695 0.062327062622843
0.8593875444 4.118589171311568 0.40988544675 0.02762612803530574 3.1677656783991828 0.463169573723 0.04998070047713171
1.0036251104 5.455907465166258 0.417417368967 0.026069085050579147 3.5277853386469946 0.51160963617 0.05168281289062985
1.1827480412 6.541911051593192 0.449444939104 0.026097397391882417 5.071979323715165 0.506523331437 0.04425476595799278
1.3638835892 8.13214623193883 0.465758686411 0.02447514803510344 6.186853170182163 0.52983639305 0.04231164300260938
1.5188551136000001 10.284714995723881 0.462615830552 0.022536703142757086 7.591458377066527 0.534256269051 0.03925457463532536
1.6993197891999998 12.176949305693787 0.476259585931 0.021498277673647932 8.71574380732199 0.558271996119 0.03869473890162018
1.8932019128000002 14.58288448489781 0.485579023327 0.02048674143229506 10.338661207265408 0.572072563784 0.03707589549973038
2.0743374608000003 17.1891432594938 0.490736735239 0.0194251885190829 12.295290271760274 0.576011848716 0.03497989546315845
2.2179041544 19.783280868152854 0.489740259528 0.0186608768554947 14.301051802641014 0.572231164329 0.03286033172389389
2.4017231920000004 22.274916841063806 0.500122611461 0.01810013798377337 17.16343521638952 0.566935294218 0.03029100665825825
2.5929218260000004 25.263984275569904 0.50740094347 0.017560176339457004 19.28024255551257 0.577972818775 0.029433377109147757
2.7592981812 28.82590096260243 0.506045298634 0.016926073798973654 21.978495090036823 0.576859437805 0.027956493705086294
2.9035357472000003 32.98516612181973 0.498396875124 0.01615483902851378 24.971616274221578 0.570290041979 0.026355360576408422
3.0591781439999997 36.169974067161796 0.501734795343 0.015824896746056395 27.572478008652205 0.572291430043 0.025490492066732862
3.2215292648 40.49854445680399 0.499725299006 0.015308886723205985 31.80038224637438 0.562016112891 0.023839611842558592
3.3751590444 44.85593475816805 0.497816737371 0.014870466800069116 35.83566877906016 0.555294637836 0.022560408732951953
3.5442188891999997 48.90554082473125 0.500862043973 0.014465073832019422 40.89443091873847 0.546498344342 0.02113758144427761
3.7407845024 54.9637589022576 0.49900652192 0.01388301565985233 46.392739562259926 0.542065764427 0.019998167651215825
3.9272870296 60.17795174602622 0.500898395676 0.013536097839536335 52.17053322755226 0.537109589603 0.01901747599738315
4.1104351948 64.41939741633782 0.50682273799 0.013301073037688654 58.84309500341765 0.529782416585 0.017931663524746847
4.2580271228 70.57388391172655 0.501885314457 0.012887055032252612 65.15742388961736 0.52191048433 0.017125609974390815
4.441175288 77.8003434414674 0.498828968561 0.012496132551731046 70.14710230958977 0.524812353857 0.016716109755952595
4.605539026000001 85.42450395728889 0.493918280564 0.012068766730107948 77.35579947256707 0.518570254701 0.016013927485518605
4.810155108 92.83242937524918 0.495018933788 0.011725272124219284 84.5263854035606 0.518346051247 0.015456659276352352
5.0087333384 98.85368636632224 0.499602242248 0.011533182129913855 92.83179011616616 0.515279094423 0.014826754596529596
5.1938941208 106.95057577181765 0.498243815144 0.011234684497927892 103.8168103542869 0.505588157733 0.014057028284960273
5.366979199999999 115.31867303375206 0.495978028429 0.010975188478373008 116.28101412832224 0.493952170533 0.013299351651004399
5.5601904511999996 125.84068811555002 0.492070151523 0.010632813969564519 129.1983790942119 0.485724275653 0.012653202849691918
5.739313381999999 135.71093098298508 0.489253186016 0.010368127219516621 143.16717058367064 0.476512762265 0.012023747029209256
5.9311828883999995 147.40735100492887 0.48529698676 0.010065843441897725 157.2034788979731 0.470124621897 0.01151297663803316
6.0828000507999995 158.67295748314066 0.479857236891 0.009770945160554757 171.69113998564677 0.461524679422 0.011018861706303305
6.2652773436 172.70121311387507 0.473912196746 0.009467689765537513 185.7429229624904 0.457161475988 0.010648514159401419
6.4296410816 186.92269081842477 0.46762100616 0.009162105079666964 200.244193172226 0.451967401896 0.010295565776550266
6.6027261608 199.69123398353895 0.464704015655 0.008944035066430467 215.24710774678647 0.447771697604 0.009980876646752717
6.74226762 214.27472657159666 0.458212014528 0.00870851524891451 232.8524554052715 0.439733618724 0.009611640837006042
6.886505186 230.04215652556812 0.451803543198 0.008481711483802142 250.03255686560166 0.433535893271 0.009305009235930733
7.0770329476 247.41029284742666 0.447807471338 0.00826367184403352 270.52095400779535 0.428423691309 0.00899296671778065
7.2709150712 264.2329382946794 0.445268384089 0.008061223409868956 290.9394046401627 0.424515700897 0.008712216009814778
7.4379622988 281.11623522480267 0.441684879563 0.007874813782160534 314.64980563129484 0.417678886975 0.008395683638009103
7.570795034 298.6394773055912 0.436262843068 0.0076938185895948094 339.725582931859 0.409238199844 0.008091339185321714
7.7244248136 318.23431753585663 0.431270512863 0.0075054233499883 368.4276771860625 0.401035626997 0.007780148173593279
7.8874468068 339.15822077706804 0.426643215199 0.007321059223780245 397.98203982793046 0.394075622561 0.007505408372385373
8.0222921592 361.84233800308994 0.420190029674 0.007127088875052194 435.76040396892375 0.3831335135 0.007165895305765458
8.161162746 383.97599441771285 0.415023169305 0.0069566768214547395 476.5717444174291 0.372782381489 0.006845596578593575
8.2913119916 409.05307240752194 0.408579038514 0.006777694645806802 520.8848983933507 0.36233165153 0.006544887519173937
8.4321951956 437.8849212857309 0.401675805745 0.006586592068465134 561.8418996502317 0.354856412977 0.006310952201401858
8.581799740800001 468.9311315589315 0.395100150628 0.006399020444805545 606.2454423218137 0.347723716168 0.006084541282439812
8.711278113999999 502.1971775263894 0.387611248901 0.006213612480393834 655.5367657411107 0.33948900294 0.005859272455952624
8.8575282972 536.575011525576 0.381337040333 0.006041712822567543 701.8294824813793 0.333646867191 0.005678118604649788
9.009145459600001 571.7490516682695 0.375790912388 0.005881061581869977 744.3267630273008 0.329555979487 0.005530731261570307
9.1319151088 611.5234611654776 0.368366181976 0.005717856539236998 794.8931924807604 0.323280193042 0.005365182860061039
9.2553556304 646.1599987262597 0.363237946485 0.005588960105736148 844.6785687174248 0.317875562379 0.005216457297913292
9.3761126624 680.2124290612214 0.358680165676 0.00547191930498792 892.227053435341 0.313348147353 0.005086792440270436
9.5203502284 718.6896192093094 0.354346059892 0.005351305668007163 950.4145174445526 0.308300156264 0.004942831463422879
9.61024713 762.911755255314 0.347207757374 0.005217631446183859 1017.2075418714818 0.300848650485 0.0047855656272342674
9.7249663104 804.8615442665562 0.342102648685 0.00510004517796158 1082.1492878793188 0.295186149575 0.0046475893868386815
9.832976766799998 841.1426784833147 0.338382039801 0.005006134322546567 1154.7304625645334 0.288954910479 0.004502434996934093
9.920861051200001 883.8820994001876 0.333075574856 0.004902774724589002 1233.7692743283 0.282066760911 0.004359849825984872
9.995327887599998 923.5587655202631 0.328310083069 0.004811758418419274 1318.9959860866581 0.274870527524 0.004215976654065332
10.086566534 960.4979728694232 0.324890985669 0.004732104819822237 1406.3161772511787 0.26864821373 0.004084453465078191
10.173779946 998.5057183822272 0.321419372342 0.004651475448465788 1502.5224684866569 0.262169909219 0.003950100968529507
10.220741014000001 1039.1196916451638 0.316548287398 0.004571235015525331 1607.782321163168 0.254630013481 0.0038165366091891997
10.271727316400002 1077.63985575534 0.312405674636 0.004497294810816377 1711.9109548359627 0.248010150883 0.003695991984559832
10.3173466396 1121.2443527188282 0.307647847149 0.004418415421550639 1821.4720319159665 0.241516910969 0.0035815888154767405
10.3770542832 1164.1201454057916 0.303690965554 0.004345886922818825 1932.6216264070883 0.235837418988 0.003477409264723844
10.4146231376 1209.6129000226265 0.299019100782 0.004270894267612132 2049.529008012019 0.229852555563 0.003375775504159722
10.506532656400001 1261.0755410685886 0.295452373924 0.004193615667466933 2155.4884113368626 0.226117578333 0.003296807802043566
10.5689237896 1316.4140404538457 0.290907511284 0.0041122388558274105 2259.9779221002955 0.222147123304 0.003222311182875955
10.6353401572 1377.8430361435007 0.286150320143 0.004027772068573376 2352.7146023411938 0.219098826395 0.003162386838789163
10.7225535692 1446.7169458599064 0.281560214854 0.003941190931343053 2452.975282876826 0.216339438097 0.0031037559784828873
10.7822612128 1517.2067840717086 0.276486721262 0.003857087149242943 2548.878199454513 0.2134172632 0.003049988056367166
10.841968856400001 1591.5218686942574 0.271462518063 0.0037749724477906285 2643.207820131265 0.210739529188 0.0030007764023878194
10.923144416800001 1668.43148182821 0.26712875125 0.003694980522267767 2736.382585699844 0.20867513964 0.0029548831527315034
10.9976112532 1749.1481933872838 0.262682362749 0.003617871747886214 2828.484313740326 0.206652377481 0.0029131010740215497
11.1022673476 1833.9045354444129 0.258991794501 0.0035417624971066436 2922.5799935675354 0.205236150169 0.0028723010260096227
11.1921642492 1916.335221612056 0.255420889113 0.0034724563207828504 3024.3533010252654 0.203390319645 0.0028292553908379936
11.2713271924 1998.890559355259 0.251868098927 0.003407445332182917 3126.576153194605 0.201455869534 0.0027878313406076503
11.349148390800002 2086.7912071722894 0.248216604676 0.003342235421411211 3231.482216780522 0.199530125292 0.002747275995558078
11.4189191204 2165.627407609464 0.245161425761 0.0032873281920860215 3341.3458273185447 0.197431843404 0.0027059432960832314
11.4759432744 2242.657471980435 0.242123620797 0.003235500545503714 3449.9285857869613 0.195273284794 0.0026662122671789966
11.529613066400001 2313.2793335313163 0.239519309159 0.003190510468662532 3571.73609484464 0.192815370339 0.002622735751354758
11.562485814 2380.4455330671576 0.23679420773 0.003148139070910007 3700.032706938576 0.18998638265 0.0025774087739727615
11.5886498376 2442.3707125300293 0.234306398092 0.0031106430434846145 3831.3102493921115 0.187128727097 0.0025333167520208044
11.6121303716 2507.1657510516407 0.231731808759 0.003072603379458434 3961.2511066770935 0.184409690677 0.0024916323351154733
11.6356109056 2579.464763707011 0.228927714702 0.0030318368963623936 4093.846019860907 0.181768199798 0.002451445605488196
11.665800163599998 2658.1600428468814 0.226103232187 0.002989488664491319 4227.819653400178 0.17933157595 0.0024131202312057975
11.6919641872 2737.3298255265527 0.223313605623 0.002947976253017938 4358.579542963637 0.177019453105 0.0023772710824522445
11.7114194868 2838.1150597255137 0.219682905334 0.0028975826732162463 4485.5154122478925 0.174789177387 0.002344489296524608
11.7463048516 2957.510978388051 0.215849469087 0.0028413714808177377 4599.165158148256 0.173131884807 0.002317283231019243
11.7717980028 3083.1292984978404 0.211870707806 0.0027852375165732498 4723.726427748611 0.171206481036 0.002287958015852189
11.8288221568 3234.5909136855653 0.207858334221 0.0027219210084630107 4836.429912373933 0.170020843353 0.0022630617760463164
11.8717579904 3418.0806146034306 0.202942391762 0.0026509855647236322 4957.365365836322 0.168545192528 0.0022378180211338836
11.913352079200001 3601.0431971925036 0.198417791663 0.0025858722804409802 5063.724491744781 0.167351181531 0.0022169199101140535
11.954275295599999 3803.314939487516 0.193738012309 0.0025191404615548447 5173.561163551692 0.166135077167 0.002195873432821439
12.012641194399999 4033.684443381076 0.189048048312 0.0024502566186454344 5285.50964813711 0.165169817043 0.002176165310395977
12.0575896452 4255.341997399748 0.18475166509 0.0023889770751244314 5391.42705179693 0.164152263108 0.0021576305714435078
