0 0 0 0 0 0 0
0.3421449240000001 1.4373923897943628 0.275051994362 0.02907845126944016 0.7062838353227695 0.379517157171 0.07990852664940841
0.48571161760000003 2.429623416266197 0.302005783 0.0257358038473499 1.6675779141662739 0.359782896972 0.05344594483800657
0.6379996524 3.546317619122678 0.32932587441 0.025361074285038806 2.2368353233813565 0.408391749635 0.05272802804285034
0.8426157344 4.963578283692548 0.368201144452 0.02474111992667426 2.719968618007752 0.487450979076 0.05655728902511768
0.9949037692000001 6.67450760070076 0.376080452389 0.02294026034202007 3.6646880003929376 0.498514990395 0.05064701619834781
1.177381062 8.150726369500074 0.403025433055 0.022561004541136954 4.911423245405252 0.511917313371 0.045679196657197295
1.3645544616 9.944986490262426 0.423332882211 0.021600541473042464 6.070227437208861 0.534826784333 0.043431138753287274
1.5168424964 11.45525979792694 0.438783291988 0.02107672752612677 6.904565199002905 0.557853180915 0.04264970351550574
1.697307172 13.558377678104462 0.451804978723 0.020140990590290758 9.036928801768932 0.548192387588 0.03787181516094327
1.8777718475999998 15.735713940910623 0.464393479453 0.01930782684860186 10.98311566288226 0.551511187606 0.03519902178114338
2.0622617576 17.77314119361775 0.480142147321 0.01895719580614103 12.580743905780427 0.56653203484 0.03399246977835058
2.2501060296 20.69924338628798 0.485990396957 0.018179664443645088 14.75278130741955 0.571804325504 0.03219943916060761
2.4124571504 24.048031815400496 0.484049350188 0.01727736842150659 17.602398528726432 0.562571038844 0.029753635474535748
2.5734665264 27.078901931126477 0.487003390545 0.016804371225208562 20.889744056981108 0.552051627111 0.027391134902329944
2.7566146916000003 30.715980701573837 0.490211809757 0.01621540346547356 23.2801796433458 0.560571831203 0.0266758497904316
2.93506675 34.4532538800617 0.493178878201 0.01564587210391234 26.218983071267676 0.562980587158 0.025543234619480958
3.1014431052 37.9263960647959 0.496968495465 0.015313159602945286 29.583893066991852 0.560660197983 0.024335562708966113
3.2349467128 41.97337431988063 0.493105107212 0.014764847820706794 33.24055557438513 0.552340099081 0.022979928798646847
3.4140696436 47.31024076808402 0.4905605724 0.014209521213637725 38.39708858157861 0.543087598612 0.021457095202428295
3.5723955299999997 52.28207406511276 0.488591793841 0.013780913439151093 43.73124451229466 0.533095873431 0.02017667879012484
3.7448097367999997 57.9205568199714 0.486890402497 0.01337300358827041 50.60127477585157 0.520139266325 0.018771797697758726
3.8883764304 63.4103420629499 0.48343455197 0.012971479967305919 55.93759208683733 0.514040725733 0.017922379046904052
4.068841106000001 70.85228976941397 0.478866423354 0.012421214189448512 62.59904088861804 0.508839506005 0.017063932047889915
4.266748464 77.17786994446938 0.481305406994 0.012096492172592083 69.42271728521857 0.506974322401 0.016343661354307985
4.4592888427999995 83.40360325603321 0.484027813839 0.011819225477825167 74.6974374240812 0.510946138632 0.01594245346553593
4.6363991564 89.7054321362496 0.485392637224 0.011548789624601676 81.42433106729634 0.50904737866 0.01538322303349901
4.824243428399999 97.89163996353963 0.483667009062 0.011217944340855596 88.0379450001214 0.509563590101 0.014944588198790854
4.975189718399999 106.39924211889578 0.478638172846 0.010895186486999149 95.54507234131378 0.504661484569 0.01444300266337398
5.1777931831999995 114.90500436639277 0.479470023661 0.010646114430863846 104.65987419781935 0.502031831435 0.013915623254823196
5.3341064523999995 123.5967174228829 0.476407237305 0.010404861317805405 115.15521936338783 0.493307383038 0.01331094835531319
5.527988576 133.43441116257083 0.475307946398 0.010184597116757078 125.30999756244583 0.49026070464 0.012851282562746702
5.7305920407999995 143.889851919523 0.474612529079 0.009936795352282788 139.57394266788032 0.4817983407 0.012213182941100152
5.9164236956 154.11755540564815 0.473575685547 0.009721752552419112 153.62393303924026 0.474326410151 0.011671211355124292
6.072066092399999 164.5582490243831 0.470476628 0.00952489651365891 169.13251692937877 0.464146260363 0.0111171618294425
6.249176405999999 176.3540158406646 0.467837431184 0.009322042220263097 189.3772202407255 0.451643992739 0.01049224643950918
6.4390332952 190.76963079266523 0.463606969059 0.009036637701745459 209.9083304771081 0.442188887544 0.009978609696895423
6.5973591816 207.91106485521377 0.455154061456 0.00873698518301299 227.37557244189682 0.435429700831 0.009623297825060953
6.7784947296 225.07956589544398 0.449579926748 0.008465326784792044 244.81646847387594 0.4312479649 0.009330513775217606
6.9307827644 240.62716749557939 0.4446771914 0.008251841134446497 263.25766472186444 0.425307131241 0.00902565282395273
7.0951465024 256.98289763280906 0.440584239187 0.008043867846381217 282.2830302562147 0.420547164838 0.008747963926784792
7.258839368 273.65762368461185 0.436878022088 0.00785516141704828 302.8139452824699 0.415487389959 0.008477752395468436
7.4050895512 292.1010608992405 0.431463518508 0.007662452768117998 329.98135105950405 0.406137696042 0.008130351211857723
7.554023224000001 310.964680981338 0.426656648106 0.007498656257608456 360.2521034832144 0.396613765287 0.007784967760088071
7.704969514 330.6840796737897 0.422076049681 0.007323850294042447 392.3328506378094 0.387731685511 0.007467997863750213
7.84920708 352.62027563269766 0.416459486774 0.007143997652725389 426.87228719835565 0.378751133188 0.007161981412664758
8.0122290732 375.2197957022791 0.412169409744 0.00697645995338659 460.9854656813788 0.372099350429 0.006913769927974042
8.1470744256 399.20377297809 0.406384474559 0.00680655135009862 494.8938880339615 0.365225039159 0.006687941086172644
8.2664897128 422.1571723963759 0.4010290596 0.006659007717389197 533.229675094455 0.357065266228 0.006450408475849627
8.362424466 447.04427205062376 0.39428596273 0.0065065307199131525 581.5470323581924 0.345942490106 0.006169457388637796
8.4845232428 474.3696576054663 0.388402500759 0.006347376243614541 636.8678974214616 0.335461527592 0.005892409776245117
8.597900678399998 502.2517199979866 0.382560056995 0.006193574329181326 697.2250673855168 0.324950330141 0.005625614442789434
8.724695561999999 534.1782448062114 0.376470845706 0.006029012846504231 748.0440973334647 0.318379959572 0.005436390578513339
8.848806955999999 569.4284764935468 0.369867440362 0.005867304196777254 800.0871357087489 0.312261524946 0.0052665001569575385
8.9816396912 607.3773938977273 0.363547525521 0.005707594018712605 851.4253481098867 0.307270914839 0.005118446505051464
9.12386464 647.1251823666422 0.357823550238 0.005556539078104869 906.8276650950447 0.30247579153 0.004975256548956569
9.2520012684 690.7537673208525 0.351243953532 0.0054041496386175916 961.3702947873431 0.29791746688 0.0048479648945283435
9.400934941200001 732.7808594721173 0.34654475582 0.005275983076079645 1006.9223502446883 0.295800814527 0.004759919274762513
9.5438307624 773.879925337612 0.342370970181 0.005159690318651556 1054.492101021036 0.293459331611 0.004669916803821468
9.6565373256 812.9380269394726 0.338015245444 0.005058746040777421 1113.6113095495514 0.288954031738 0.004556601466707659
9.7994331468 850.8928929052737 0.335299638354 0.004965567960467577 1174.7693393081775 0.285510799924 0.004448555869228591
9.888659175999999 888.6865546537272 0.331101124268 0.004877291510371505 1251.0529510311364 0.27920869202 0.0043162841995268
9.9812395672 926.6812491452105 0.327297319176 0.004795231371816406 1330.372455219929 0.273310398038 0.004191029146217321
10.073149085999999 960.1417686614426 0.324519527546 0.004728207704031396 1420.9095647584697 0.266913239167 0.004058466104950758
10.1362110916 994.9565907279562 0.320803182849 0.004658001980806536 1522.3657903564408 0.259498748621 0.003919163377969099
10.191222628399998 1031.1605523604874 0.316847375926 0.004586378353952597 1629.576337460652 0.252195423668 0.003786066887280046
10.2549555064 1071.7903536870842 0.31274364761 0.004509910903284575 1738.9130120268524 0.245679446458 0.0036653434565952904
10.306612681199999 1113.5232273160912 0.308388668186 0.004433083869749826 1851.230057329435 0.239322494093 0.003550438067105222
10.346194152799999 1155.920685128175 0.30385799209 0.00435866676551035 1964.1856753760771 0.233243072205 0.0034450882060790495
10.392484348400002 1197.3314142280876 0.299906405833 0.004290741516686825 2071.9593442531263 0.228121551071 0.0033535259067287923
10.445483267999998 1238.7447234723913 0.296366414481 0.004226795334545997 2186.2094006499547 0.223222194183 0.0032662283684081047
10.4978113152 1281.323071278944 0.292872117446 0.004161964857056195 2303.3626640054376 0.218568821642 0.00318184909545727
10.553493724399999 1324.9307255981946 0.28955071794 0.004099624454838224 2420.0374584294723 0.214372967048 0.003105406120348808
10.609176133600002 1370.6578368454814 0.286192545713 0.004035483394102196 2534.7446801692786 0.210577523873 0.0030351147290981467
10.6581498188 1430.1624602316679 0.281482270479 0.003957432491455074 2648.5128330870907 0.206961654894 0.002972002942020826
10.721882696800002 1500.29131886804 0.276482213501 0.003871387597148913 2756.2322693813458 0.204094799234 0.0029177865447842653
10.787628192 1574.6652677049967 0.271542055044 0.0037856415563164 2849.4220747839636 0.201963965743 0.002874557930310914
10.8627659008 1662.203893163758 0.26614987664 0.003693655808482466 2950.786834379072 0.199850558342 0.0028316393025995196
10.9540045472 1756.0684591434717 0.261126906834 0.0036029494552007944 3038.8179553800587 0.198591186952 0.0027980106400438205
11.049268428000001 1848.284080530058 0.256754055192 0.0035205248509524176 3120.374200596311 0.197685210919 0.002768517709446991
11.138494457199998 1941.167824796362 0.252569212438 0.0034436484019934378 3207.0912241393844 0.196571131136 0.00273759755096122
11.2310748484 2043.960442260702 0.248192172567 0.0033656367080772127 3291.8402290400554 0.195638927795 0.002709848375528953
11.3323765808 2136.767237362534 0.244939702192 0.0033009038364052983 3383.7360880522183 0.194706572842 0.0026802618176383886
11.412881268799998 2224.813175485381 0.241756327738 0.003242463167828979 3484.9468583011544 0.19322371679 0.0026465036489393434
11.4732597848 2300.5587859660695 0.239006534804 0.0031944897329205814 3594.923141908321 0.191254321915 0.0026095272116269334
11.5168664908 2359.0980867580924 0.236923720252 0.0031587091311907544 3717.6585959568465 0.188788518763 0.002567804178730971
11.5403470248 2416.0727402908483 0.23459496189 0.003124496426478277 3843.9504556429106 0.186042808801 0.0025259933387706645
11.5611440692 2474.7118399255933 0.232220668291 0.0030893873508349387 3969.5348732937623 0.183408895373 0.002485652407960068
11.583282858399999 2537.956783145303 0.22975220978 0.003052927692829091 4099.647055411471 0.180823182126 0.0024461452770469547
11.612801244 2608.245804301432 0.22721706218 0.003013939121908065 4237.332926257072 0.178316901658 0.0024067648300249546
11.640977884799998 2682.852836736497 0.224583281149 0.0029748610576642333 4373.239145664243 0.175952462446 0.0023700838564534427
11.668483653200001 2757.081843277435 0.22206682761 0.0029368349895378767 4505.179896369807 0.173768496501 0.002335650853327686
11.6993437836 2844.106013430833 0.219225602338 0.0028934394131994684 4633.721735771491 0.171796348373 0.002303840067977558
11.733558275999998 2964.341151321124 0.215367176206 0.0028370079319011724 4757.8520619408755 0.170037968827 0.002275243866388102
11.785215450799999 3131.2756811641443 0.210477069598 0.0027635099005992605 4872.1033765429265 0.16877352964 0.002251057046124688
11.8482774564 3327.2313413101824 0.205284551442 0.0026842166262193495 4972.053583438396 0.167963519758 0.002231512706213708
11.8985928864 3539.3683439110177 0.199889353016 0.0026061416525108385 5083.203862754442 0.166823620877 0.0022103118902078813
11.9368326132 3768.95368282422 0.194334407052 0.0025292451808002405 5192.010242778798 0.165597985105 0.002190338521805005
11.9938567672 4027.194721116239 0.188904449206 0.0024515053732332794 5296.173658199294 0.164745649218 0.002173077563368617
12.0575896452 4255.387064673677 0.184750687693 0.00238896419269623 5391.42705179693 0.164152263108 0.0021576305714435078
