0 0 0 0 0 0 0
0.34952452040000004 1.5906733864829754 0.267813073369 0.02605848515598569 1.0749411307098418 0.320956460499 0.05704511910248963
0.5219387272 2.3009841842074388 0.332168842805 0.027088763595340442 1.57167574420931 0.395990772209 0.05731441981214964
0.6715432724 3.272524465618014 0.359501282955 0.027317019117605267 2.6598228472463847 0.396039585623 0.04659394155905219
0.8546914376000001 4.5781768325502945 0.387899272304 0.025936445998532263 3.1327146342352123 0.46310764114 0.04994514875795325
1.0224095376 6.395840695016866 0.394163123473 0.023753941481290064 3.7877739143425355 0.504016252142 0.050141329136360435
1.147191804 8.068043638936308 0.394834478299 0.0221841809977388 4.493103573003504 0.52032777246 0.048177836393867565
1.3202768832 9.756014311864478 0.413663271533 0.021443978982043907 5.3754913106531745 0.548244734815 0.04680931429186565
1.4718940456 11.58957735159803 0.423658365515 0.020723706725974622 6.730516014632407 0.548356634182 0.04293164376503553
1.6597383176 14.10063288524257 0.433726486426 0.019345223406604568 8.300102680736224 0.558342518689 0.03988708586385983
1.8522786963999998 16.62026404966008 0.446276747045 0.018532733204264372 9.810682788315388 0.574085197948 0.038164785537192936
2.0179841792 19.70027167581733 0.447206281343 0.017605827220880235 12.230639730580373 0.562156164496 0.03440324726061993
2.1709430864 22.323107876549194 0.452323692282 0.01708599534420127 14.448757814384932 0.557652945449 0.03199544519997805
2.3487242724 25.255121280963785 0.460389107427 0.016619618682995885 16.770294281852525 0.560875389039 0.030341408221487117
2.509062776 28.518867398102778 0.463186655954 0.016043084632887186 19.526735088775368 0.556250125261 0.0283327025269246
2.6861730895999996 32.14957416192871 0.467369373249 0.015572971895498227 23.99266118526412 0.538613474155 0.02556394977115338
2.8787134684 34.940346624997 0.480538849579 0.01545264254523826 26.988779535957534 0.544686630873 0.02463832942122553
3.0444189512 38.978319329732884 0.481483026785 0.0149542990147942 30.892562876608647 0.539097664084 0.023176444632067108
3.1960361136 43.146738866143764 0.480732685156 0.014516895822511113 34.06324083521324 0.539361662575 0.022379707985103827
3.3684503204 48.256271517838684 0.479417924305 0.014043548365132087 40.21250414323652 0.524021114288 0.020587980331964028
3.5515984855999996 53.17351836823862 0.481776553894 0.013692271313820814 46.703325209326245 0.513310228309 0.019147778388253434
3.7340757783999994 58.191531637795336 0.484400696759 0.013330528205808115 50.96234557487236 0.516868137993 0.018632231638481316
3.9064899852 63.71501008861414 0.484524666517 0.012958203810135686 58.13921443082623 0.506750228458 0.017479496572734947
4.0876255332 70.15062449531106 0.483411777092 0.012549288316157703 64.58628378514744 0.503400394179 0.016744195383963
4.2982794667999995 76.52880376009574 0.486845085956 0.012208304547067611 70.09018422544185 0.508294246976 0.016309317592385693
4.474718908 82.87518531218167 0.487207297631 0.01190973090012774 78.18668625221372 0.501341453912 0.015505524301021081
4.6444496252 90.61974404256001 0.483810021828 0.011547882553540518 84.82997030455888 0.499766360593 0.015034597750138446
4.8088133632000005 98.47361148274393 0.480728027686 0.011233432173118466 92.85480028984074 0.494823382788 0.014477278125726559
5.0120877003999995 107.7414590179469 0.47919363654 0.010898766444801648 101.94534717821841 0.492417197113 0.013948209196366133
5.200602844800001 115.62537658513364 0.480086184522 0.010665441209310922 109.3807150034949 0.493395380726 0.013590128305407184
5.4166237576 124.88843338960159 0.481252079552 0.010394999193691105 118.15272995748472 0.494581679552 0.01322465830984467
5.5830001128 133.64017815954733 0.479641190273 0.010175725329797231 128.024759282679 0.489901798181 0.012746700064640147
5.7668191504 142.96517282309037 0.479115219537 0.009973735316721237 137.82221392611078 0.48785349964 0.012376471379734034
5.9446003364 152.78762085044795 0.477857235234 0.009795164849242624 154.36641257650854 0.475438038716 0.01166685410448684
6.1022553504 165.11097764313627 0.472019134359 0.009529205755969748 172.31990626315797 0.462156579513 0.011013456977452662
6.280036536399999 179.78239518804904 0.465681624948 0.009260317487222806 188.11190856002045 0.455369575051 0.010581672455719641
6.4410459124 194.1363537424592 0.459756182641 0.008969954049812615 208.69282184764336 0.443599729624 0.010028754443391059
6.6027261608 208.37954441814682 0.455015372924 0.00872904182128355 223.08955448020131 0.439908348805 0.009751557518350018
6.7805073468 224.84844973246885 0.449941543923 0.00846675949517014 237.68418117458842 0.437740293364 0.009508881220776113
6.9495671916 241.14467287407476 0.445402526691 0.0082464444292939 253.1251547839881 0.434831279323 0.009276770847007218
7.102526098799999 256.2995058006826 0.44162268704 0.008065422402462552 272.58659217241706 0.42834209868 0.008969038601525862
7.2762820504 275.12426639083225 0.436764580456 0.007856749452254327 293.84482662243084 0.422739426164 0.008672029244612718
7.4312535747999995 294.49873878255886 0.431230095343 0.00765032561836742 318.92933248496735 0.414515942821 0.008337497617341592
7.558048458399999 311.70533196355916 0.426379663226 0.007490897371217934 343.31036224064405 0.40642860471 0.008047078262002792
7.68148898 332.52944085692576 0.419634357913 0.007304180736094866 372.7417229657444 0.396515241547 0.007723809255518266
7.8505488248 353.3591625240276 0.416097879498 0.0071494943110663066 401.1853250541435 0.390679155569 0.0074694197541225
8.0008242424 376.3338101877082 0.410979401948 0.006973915824810154 431.3282205421332 0.384057611045 0.007218412478913877
8.1249356364 397.8917353526916 0.405947041352 0.006821218147047503 468.4709776440626 0.374309122622 0.006921818399898912
8.2597809888 425.25048246693547 0.399253957863 0.006640375721674395 516.2841543510644 0.362553621981 0.006582326691354965
8.412739896 446.64977354029986 0.396825016647 0.006514490491445229 569.1149372109663 0.351781288043 0.0062600593726269355
8.5187377352 475.3815668280172 0.38955131884 0.006341259469611488 628.9852008319027 0.338905884434 0.005941698610995714
8.6334569156 505.6988525679058 0.382833538158 0.006175700581236064 684.342596251601 0.329335540575 0.005693836835966097
8.7475052236 540.5697350013457 0.37522634255 0.0059983495772553625 732.2468675557205 0.322622151405 0.005512666489151459
8.87228749 574.6413623786062 0.369169070927 0.005842332661998833 782.639125979549 0.316546384194 0.005339320222094774
9.009145459600001 610.1307600217208 0.363838427945 0.005697398694244655 827.50813460554 0.312616771859 0.005209462849154692
9.1325859812 651.5061474197569 0.356964137279 0.005539823987583586 871.7293252234944 0.308778653123 0.0050939724452263154
9.2741400576 691.2233682450152 0.351963480475 0.0054045216612032205 920.4370544179257 0.305175545478 0.004974431542559981
9.405631048 734.5864410668089 0.346292935273 0.005267981522864079 971.3905037933902 0.30129533647 0.004859547878530694
9.567982168799999 779.8212233764511 0.341930899423 0.0051426709228544545 1018.9425414375004 0.299273283402 0.0047676777695491905
9.7061818832 828.3704454337476 0.336582321089 0.005018016400230403 1073.3821351832778 0.295813970914 0.004665468383907926
9.8410272356 867.9206765832452 0.333413195103 0.004925227064681636 1137.6195568831163 0.291351701946 0.0045432065619803305
9.9409872232 903.7436109065942 0.330075741421 0.00484560640209258 1217.9446921669378 0.284463494094 0.004394302604165887
10.0308841248 940.1063459067751 0.326573647516 0.004767733540977578 1302.2178152081794 0.277613938256 0.004251646494656518
10.0973004924 977.4171539030272 0.322418616861 0.0046906294049154995 1399.4787616550723 0.269588358286 0.004099583698236467
10.153653774000002 1012.6007956691204 0.318551629938 0.0046216073521257155 1501.4136448585152 0.261748238853 0.003954143849445805
10.1959187352 1043.0258841309621 0.315190816031 0.004561908394225708 1613.912505725627 0.253530407635 0.0038081666388669368
10.2569681236 1081.1726691186147 0.311449009048 0.004489450116221046 1731.3803255744863 0.24626052796 0.0036733070079698247
10.299233084799999 1121.976705139937 0.307008608339 0.004416944569058549 1842.2707617576152 0.239731031712 0.003559680647981597
10.341498046000002 1163.3748380906572 0.302748566524 0.004346100886168234 1957.1468403651222 0.233555422217 0.0034521343111548397
10.395167837999999 1202.5129899092635 0.299338584153 0.0042832062584289635 2070.5118823614653 0.228260017983 0.003355894761246391
10.4575589712 1242.883198577819 0.296215542519 0.004219687755766747 2184.401212102458 0.223572378621 0.003267362065593428
10.523304466399999 1284.9318649228578 0.293170928167 0.004157196812682574 2303.538650806228 0.219090839904 0.0031826749373064416
10.5843538548 1326.6185381037094 0.29021198938 0.004096709298467538 2418.906591037652 0.215049551244 0.0031063855488365944
10.637352774399998 1376.7937226434838 0.286313165726 0.0040274223521196036 2539.652296423568 0.210932587263 0.0030331048331719516
10.6796177356 1432.742227121458 0.281795125586 0.003953831055638901 2652.1774533847347 0.207235113892 0.002969746001949651
10.756768061599999 1493.1621059814781 0.278040542922 0.0038809241039636927 2760.7526746876733 0.20459093841 0.002915039023795909
10.820500939600002 1568.899690503477 0.272867435828 0.003793179256018358 2860.221426869361 0.202196695668 0.002868670612745614
10.8996638828 1653.2205741972132 0.267775928433 0.0037040026801885514 2952.9003055057597 0.200457294898 0.0028301803211709152
10.9613841436 1743.9811984084765 0.262204720514 0.0036139165370781294 3043.92551981594 0.198558299772 0.002793583997997289
11.0499393004 1831.5729438490175 0.257936007132 0.0035358688545985353 3134.9121828408342 0.197238807545 0.0027600222133699367
11.1512410328 1935.6519079808 0.253217302708 0.0034493667681862153 3224.3766655507948 0.196268352886 0.0027299541152344202
11.233087465599999 2035.52895937866 0.248749254243 0.0033716928614921544 3310.05424826947 0.195135472025 0.002701114596530319
11.3169465156 2136.143413107092 0.244642138911 0.0033003410077274077 3402.349937347767 0.193909586694 0.0026714739298333763
11.414893886000002 2232.740611330701 0.241370014399 0.0032370969139092296 3488.0548529345333 0.193171746895 0.0026458110952944694
11.4826519984 2311.00633717639 0.238661619792 0.0031884948788705888 3591.043266465534 0.191514068192 0.0026120588603075626
11.5229043424 2370.4084835054764 0.236482532375 0.0031527332921871365 3705.118532196894 0.189206489265 0.002573666212736961
11.5571188348 2421.805818050767 0.234657830541 0.003122330629634744 3834.161842201348 0.186550491998 0.0025305156621274385
11.584624603199998 2479.3590610390506 0.232474100577 0.0030877551011969755 3970.8890709891357 0.183749905802 0.002486440635210057
11.6040799028 2537.889177657273 0.230167462742 0.003054034135236685 4101.745389030576 0.181101388483 0.0024464003947637625
11.636281778 2606.83037064187 0.227737854448 0.003016570896399569 4244.834058830556 0.178519487446 0.0024055918308476232
11.6658001636 2677.703654472294 0.225277796509 0.002978433302289629 4377.0561156874 0.176250651817 0.0023693693847638268
11.693305932 2756.1430039402194 0.222576741365 0.0029381744543920856 4509.1530256293445 0.174061323923 0.0023353340555603425
11.7261786796 2854.058504482683 0.219345176274 0.002888974760614275 4632.114917630824 0.172220070859 0.002304786247136452
11.763747534000002 2979.137942826763 0.215384748466 0.0028301652744724052 4750.138917862388 0.170613515731 0.002277663232336757
11.799974643599999 3115.4373991584007 0.21127482501 0.0027700490117532612 4873.989120401557 0.168952140787 0.0022502644439360894
11.8301639016 3290.160041559419 0.206121028839 0.0026987520903959976 4989.493126997369 0.167413726254 0.0022266899570205423
11.880479331599997 3504.1537965782645 0.20058444687 0.002618203277501287 5096.9981744644165 0.166344382987 0.0022061352888433417
11.934819996 3727.5616216791022 0.195376332063 0.0025425894087955495 5195.507570549593 0.165514381976 0.00218885324301439
11.9878189156 4000.626976507219 0.189434670952 0.0024588368220082855 5294.4071276374525 0.164690193195 0.0021725889873868984
12.056918772800001 4255.325998102725 0.184741737509 0.002388958512950341 5391.630290830093 0.164140041799 0.0021575654948138463
