0 0 0 0 0 0 0
0.3428157964 1.2634743778382629 0.292551853367 0.03244183618830206 0.9215505117885159 0.337827609213 0.06297866528799566
0.5608493264000001 2.3368863353635057 0.353505857043 0.030221521467739335 1.4783104164401464 0.435940246985 0.06405141757792387
0.7285674263999999 3.123489123011206 0.397595835271 0.031201589849202366 1.6921961954336604 0.525739660189 0.07241456788962503
0.9143990812 4.833599065887339 0.403734677875 0.02641045661851546 2.0198967771602727 0.602210784136 0.07609627671421015
1.0640036264000001 5.74922293386167 0.431021458988 0.025982071103695326 2.8441911479948367 0.596671384774 0.0651741522166896
1.2089120648 7.444853803398109 0.431818398721 0.023668353617157058 3.8723779144164627 0.585928508173 0.05679031978327307
1.3712631856 9.035438192259367 0.445325276764 0.022552347623169492 4.492552504803936 0.617636049235 0.05606707607802823
1.5248929652 11.346672736485322 0.44308355875 0.02113558127252435 5.60266636222167 0.617895828583 0.051019188384768155
1.6583965728 13.639812193989428 0.440371920217 0.019786209872552907 7.386108007290533 0.589280510147 0.04399600398486836
1.8448991 16.16411833119731 0.450538980672 0.01906177012798074 9.144952271008071 0.591114003059 0.04064183100435866
2.002554114 18.825735900712875 0.453698976395 0.01824314875577461 11.00538386139639 0.586601028521 0.03755823531503467
2.1830187896 21.532964463849762 0.462810592482 0.017632634571704088 13.770584623827638 0.573678015465 0.03355492584290415
2.378242658 23.60930326199463 0.481566438237 0.01740619870435345 15.577631233598751 0.588134995031 0.032414426469637304
2.535897672 26.737680360941187 0.482960866664 0.016908196455213853 18.441586061418768 0.577704752861 0.03001202091391714
2.730450668 29.86837443085561 0.49227108857 0.01649714708034548 21.736191829652324 0.573995004251 0.027980799269861918
2.908231854 34.42331412868879 0.488936709842 0.015669162439355937 25.116692660264686 0.569603074407 0.026199941631471747
3.0746082092 38.012117820674504 0.492182007959 0.015349438716080894 28.242862572478987 0.568495020844 0.025015589053233343
3.2248836267999996 42.425163258378305 0.489028851318 0.01483832346103435 32.68835160303773 0.555137135109 0.02325692174587461
3.3778425339999996 46.89310296099745 0.487519263742 0.014391367564367574 37.36343598125635 0.544578915061 0.02182442766414821
3.5220800999999997 50.83716383040704 0.488433764694 0.014030363156378308 42.82477295891042 0.531074371217 0.020297995876234133
3.7146204788 56.08981370987182 0.490660627112 0.013583360643947188 48.305673931812926 0.52782093893 0.01928680187710503
3.9038064956000005 62.093603174700725 0.490350481086 0.013127705683270055 55.89340760050819 0.516257287993 0.01794210456423642
4.0607906372 69.11702312820604 0.48377822487 0.012619036557430052 62.40101526537321 0.508631604031 0.017092681672902687
4.2452805472 76.01321139400021 0.482494682764 0.01219591049389765 69.02692619881931 0.505864235651 0.016384747579660807
4.417694753999999 82.56884794522541 0.481927980388 0.011913052761891892 75.34409974974842 0.504089426489 0.015857701890172955
4.589438088400001 90.09507465712188 0.479493651848 0.01157142834821929 81.26243563449935 0.504430670805 0.015431768731123908
4.7739279984 97.39357861670548 0.479865252664 0.01127807375365695 87.75715003996127 0.505087400314 0.014995174775354824
4.965797504799999 104.41828559511863 0.482182818421 0.011037882070779305 96.72542399855107 0.500685035027 0.014336830617699949
5.1596796284 111.89214246544661 0.484100244584 0.010832739893898338 108.06006421382669 0.492478976587 0.013603961837390603
5.3911306064 120.3105643926618 0.487901185552 0.010605027411349777 117.6103293600073 0.493388167384 0.013161346071619234
5.5742787716 128.8546998770432 0.487586256701 0.010389607397611944 127.56078852414049 0.490018096746 0.012728197296958793
5.7715152572 138.9509318126075 0.486287805745 0.010139634159022066 144.33652009246225 0.477249212385 0.011957370777482877
5.935208122800001 151.15618727918778 0.479642141823 0.009848866510237886 162.64129827695928 0.462605355828 0.011238014993818046
6.0874961576 164.07267360283322 0.472354009744 0.009554494579839352 178.54605553150915 0.453026151414 0.010736388944478686
6.2612521092 176.5183343760037 0.468520539007 0.009328634244065628 195.49141502681343 0.445454566262 0.010294100233879505
6.4128692716 190.2028175043402 0.46241342683 0.009053192235978294 210.9857943760792 0.439286321873 0.009931615818674279
6.5718660304 203.4646073978554 0.458280196827 0.008849875501029328 227.0034194548973 0.434107132851 0.009619460998838978
6.7436093648 217.60760720736434 0.454815299133 0.008625612117930774 244.53229580786308 0.429285535725 0.0093140545948446
6.9173653164 236.70281214631302 0.447449486877 0.008354512297231841 265.4130144100138 0.42277500327 0.008985227907691932
7.080387309600001 253.4450124138463 0.442702107286 0.00813703812721447 287.63227901147735 0.415786964432 0.008658138298495214
7.240725813200001 269.56020530174186 0.43906326631 0.007950493613788316 309.157027165845 0.41021388907 0.008378656392630624
7.3889886136 285.885419703325 0.435145110075 0.007771988532189594 331.9187974218882 0.404082050621 0.008100781003310931
7.5426183932 305.81507813362964 0.429558131564 0.0075626294962321 359.3602010727606 0.396504780352 0.007796879880901575
7.674780256 327.5911078040709 0.422393487819 0.00735915456086643 388.7315594657261 0.387990689759 0.007507400643091562
7.8237139288 350.07856128165446 0.416605006154 0.007164438902502489 419.9140539853953 0.380620737394 0.007235711935168234
7.9645971328 373.6393525410092 0.410587222397 0.006983553026988961 448.70651944680094 0.374891298195 0.0070220308289611014
8.104138592 398.3518996364055 0.404679063728 0.006815134268895783 478.4157231232826 0.369474846239 0.006821192339831584
8.2711858196 420.2500025421018 0.402159718333 0.006677010802977304 520.2505534710102 0.361673577783 0.006548170249870335
8.395968086 446.3284159771232 0.396178011374 0.006512289101613625 568.5598019063799 0.35125219649 0.006260356494876799
8.510016393999999 473.1716873570917 0.390055991751 0.0063539468048105195 623.6502685412795 0.339998191911 0.005968654902317837
8.614672488399998 505.16058921214506 0.382205238506 0.006179255651713814 680.5669428071892 0.329526969589 0.005712379660918281
8.758239182 541.799922688156 0.375261074366 0.005992827822671014 733.4199523747553 0.322759843266 0.005512312455151237
8.890401044799999 577.6848585181895 0.368950060431 0.005829950432884864 786.422957787133 0.316430293122 0.005333701234628552
9.027259014399998 615.5231701746985 0.362975482961 0.005676850827539917 829.2519577745405 0.312915832392 0.005212205361169412
9.154053897999999 656.3457094592491 0.356485838774 0.005523694172745141 883.3293607016728 0.307471312382 0.005064222156669749
9.302987570800001 697.307197039866 0.351519123345 0.005387558588183216 924.5012561908136 0.30545184684 0.004972688227786527
9.427769837200001 737.3660926899496 0.346454212318 0.005262820957537928 970.9346263721721 0.302074042405 0.004867999017452867
9.5592608276 779.9959227850159 0.341581752315 0.005142121134192284 1024.8446339479797 0.298141365717 0.004753111718887371
9.683372221599999 820.4954091806685 0.337394222662 0.005037679937478056 1083.6106256625621 0.29372782684 0.004634777336192458
9.8034583812 859.0329706077572 0.333850072118 0.00494885636043 1151.830056560774 0.28845016041 0.00450641933202504
9.9047601136 894.4910313283364 0.330565414007 0.004868391217979134 1230.1310124782199 0.282024623128 0.004363964915428193
9.9738599708 928.4145174125356 0.326751415666 0.004791785473123512 1319.1694477862154 0.274262913837 0.004212053273330696
10.059060765599998 963.4152395825787 0.323517325865 0.004719396052593587 1416.130458588157 0.266988690837 0.004065169904693367
10.125477133199999 995.9475673134106 0.320305098748 0.004654111194555617 1522.4203704864822 0.259219613633 0.003918139100142715
10.1898808836 1032.51089634962 0.316599175459 0.00458244245056842 1631.6930753303454 0.251998980468 0.003781483956591643
10.2415380584 1070.4521937519623 0.312529649521 0.004511234559313795 1741.3078535650118 0.24518986657 0.0036590831138592385
10.299233084799999 1111.1244199515215 0.308499650881 0.004436540351334423 1846.168344873821 0.239478310345 0.003552944474108288
10.361624218000001 1152.0483659528202 0.304819966291 0.004366590901771269 1954.071846566136 0.234193284193 0.0034541364291398448
10.406572668799999 1191.9192608265273 0.300991455478 0.004299562717368143 2069.8538730736445 0.228546497694 0.0033551620974467
10.452191992 1235.950925449092 0.296890539825 0.00423120401266476 2184.4694537201685 0.223454244243 0.0032671789038649693
10.507874401199999 1284.7358622886206 0.292763910804 0.004157098139062172 2296.7375735184364 0.219093014218 0.0031871009278727483
10.5662403 1330.6287446974607 0.289280243702 0.004090586734020754 2412.3809176966147 0.214971539962 0.003110988749535916
10.609847005999999 1379.4456181761107 0.285299841361 0.004022605378644969 2534.366779371523 0.210606508726 0.003035798163055044
10.677605118399999 1434.9777618931028 0.281523080999 0.003951359756719843 2645.5713756666732 0.207454265464 0.002974193559083292
10.7292622932 1491.8132905913465 0.277455468353 0.0038809008780125833 2755.524509283492 0.204261374944 0.002916139921390311
10.8003747676 1565.3825704303633 0.272665581057 0.0037966764064325687 2860.7632174170303 0.201801757148 0.002867173264793428
10.872158114400001 1647.9386369890422 0.267527696694 0.003708136988017295 2949.9487157712674 0.200051625941 0.0028293356264240716
10.9573589092 1753.2017149217618 0.261419812889 0.0036054224365618267 3043.035808649005 0.19851440827 0.002794290484002933
11.060002386399999 1849.6074078520185 0.256911462426 0.003520009646640559 3132.748748585636 0.197486401336 0.002762101881704451
11.1579497568 1946.6098331402695 0.25265671205 0.0034403351850163908 3208.78390910499 0.19686239336 0.002737116713966256
11.2324165932 2032.3825362105235 0.248926522729 0.0033745913633331033 3304.625516733582 0.195283849293 0.002703107819041576
11.320300877600001 2133.2335912364374 0.244881137151 0.003302956555502918 3393.632265416988 0.194215728559 0.0026749919177323166
11.3974512036 2222.467669986146 0.241556901731 0.0032437710831526466 3492.870637414403 0.192743863062 0.0026426682673779994
11.4658801884 2303.3861521794383 0.238706536835 0.0031929550449091145 3596.009707590626 0.191102524901 0.0026091272254310815
11.528942193999999 2368.2078850474063 0.236716073051 0.00315387436265252 3710.3607175788147 0.189171940488 0.002571435736567022
11.563156686400001 2420.489626340962 0.234844050302 0.00312243656740614 3836.597875552445 0.186588698078 0.002529246990434057
11.596029434 2472.436823895592 0.233027810475 0.0030920663926352118 3974.708380012805 0.183842410819 0.002485177686810871
11.6168264784 2538.9681452560585 0.230371208608 0.003053502578807334 4111.7750773775815 0.181079180639 0.002443538756805442
11.6335982884 2606.7980803945993 0.227686781923 0.0030152644860137923 4246.887053429931 0.178435231987 0.0024040203183448663
11.6490283536 2679.0459975088984 0.224897868389 0.002976517814840585 4383.107294835212 0.175875947477 0.0023668399685474297
11.6839137184 2766.6670665924025 0.221975295157 0.002931442619608152 4508.490115442422 0.173934350775 0.002334820465202261
11.7094068696 2864.1592804079687 0.218645628442 0.0028833687578156317 4639.702313788557 0.17183329475 0.0023025434755283305
11.7556970652 2983.087225209008 0.215095111686 0.002827839215228713 4763.5565384347 0.170256712195 0.0022740625112483816
11.7858863232 3140.4782320642225 0.210180804355 0.0027588058562073863 4879.96111618117 0.168647299997 0.0022488613703699942
11.8281512844 3334.8122910351785 0.2047032537 0.0026804268113088574 4993.3139307226265 0.167321254079 0.0022259873431291037
11.8730997352 3534.567479254655 0.199596585052 0.002607007399773605 5101.867533298589 0.16616180777 0.0022051340018177097
11.928111271999999 3755.908609374732 0.194529084407 0.0025325110413667337 5196.716495404074 0.165402152039 0.0021881433912268066
11.991844149999999 4026.8137376152063 0.188881691704 0.0024508156652633816 5295.818369718875 0.164723535744 0.002172364731211985
12.056918772800001 4255.189968985606 0.184744687597 0.002389041371481731 5391.47710920535 0.164142371809 0.0021576347304659905
