0.1516171624 0.3395381412654481 0.243740234978 0.06324564417849884 0.5883026049541747 0.189982463253 0.050222588188630506
0.342144924 0.9438843585849703 0.333580881233 0.04243767096336081 1.0581356915397608 0.316744072602 0.056487096897797205
0.5212678547999999 2.1866395418899987 0.339736660025 0.03130374870428722 1.191224096523511 0.447911147813 0.07150919539073654
0.7064286372 3.1317836546053965 0.385432565511 0.029941495562082275 1.6236032688219941 0.520111921872 0.07180505550686525
0.858716672 4.584589183343649 0.38941779946 0.025963395638217555 2.4531900456677906 0.52019592707 0.06085393171330322
1.0217386652 5.903463083579482 0.409188800976 0.02446045863257054 3.16089873644392 0.547280316221 0.05736637504659401
1.1565840176 7.645782695184329 0.408347479135 0.023553427566625817 3.8829028025644314 0.560922843131 0.054112129350233164
1.3336943312 8.945775674542935 0.435466623297 0.022969670413982447 4.597858638818442 0.595054299725 0.05303223395237238
1.485982366 10.490082584406489 0.448562212241 0.022132354859566977 6.394689618462131 0.566827729715 0.04445170357072171
1.697307172 12.690152509551691 0.466391058775 0.021067226470197774 8.173515784859747 0.574734760474 0.04105159686867345
1.8905184232 15.475052025087587 0.471260868656 0.019815336460600075 9.945352709990798 0.58184524701 0.0384985648076933
2.0703122263999996 18.10882969757444 0.477654182348 0.01880906710803687 12.41385259610739 0.572308453769 0.03463807591876515
2.2615108604 21.129716645777975 0.483578470506 0.01794448058544636 14.229000589752214 0.58461720022 0.033343608227523254
2.3936727232 23.731252627636326 0.483433872228 0.01737325758831943 16.96065629619738 0.568298743136 0.030369613691752492
2.5721247816 26.74475144629343 0.489693468932 0.016827140500737577 19.564554418650904 0.569419207664 0.028686673759609486
2.7284380508000003 30.13374042544757 0.489804635676 0.016187546688319586 22.664182767481666 0.562159950328 0.026864143007596517
2.8907891716 33.96779599905788 0.489204267305 0.015602058208516897 25.323275073295424 0.564015323035 0.025839482622342518
3.0444189512 37.52336838506564 0.490493646822 0.015226167289322518 28.35970077327695 0.56188450751 0.02466745453537323
3.2067700720000003 42.3259605438763 0.486870905141 0.014656835795588602 32.93230348363308 0.550080922573 0.022953324831169346
3.3758299168 46.823295827667366 0.487586850267 0.014292266277195233 38.07127804217776 0.539318272946 0.02145960486938843
3.5656868059999995 51.131691633108666 0.493019187157 0.01400431633789317 43.565231333737806 0.53309435286 0.020189411416568236
3.726696182 55.9557565461261 0.492815545842 0.013597291639636735 49.273067444366006 0.524417976881 0.01902874168701135
3.8856929408 61.46766036039887 0.490526961756 0.013224359482660243 55.547950289787664 0.515448376183 0.017992996684315764
4.0849420436 67.19477441467721 0.493405895791 0.012860101229959573 60.05992078874808 0.521288758925 0.01762482881373267
4.3002920840000005 74.08268467617671 0.494899448813 0.01247179309106533 67.41223068853323 0.518330018607 0.016819049581635968
4.4659975668000005 80.90777482954886 0.49203891438 0.01210167114186416 74.52450304710229 0.512289429288 0.016079303726094157
4.6296904324 87.72385689210374 0.490047868813 0.011775878814986014 81.35649846878705 0.50852552334 0.015489193232201678
4.8356482592 95.63944438468369 0.490384315365 0.011487115660559218 88.22323379314349 0.510230421673 0.015046347173144256
5.014771189999999 103.68452249643832 0.488594323722 0.01118759035433418 97.66639242492145 0.503180727205 0.014349312302266867
5.2167037824 111.53721078298197 0.490176452183 0.01094076948153749 105.15345958258592 0.504604821258 0.013963977597222932
5.4119276508 119.29110170214815 0.49182737065 0.010765463272165926 112.52262392094595 0.506180262791 0.013611339469587582
5.58501273 127.93560318544866 0.490245474403 0.01051297506329438 125.42817203720018 0.495051504963 0.012873784625556871
5.75273083 138.098813699394 0.486188711747 0.01024437714410048 138.6620969074948 0.485213508251 0.012272229690021704
5.90367712 149.84035354207964 0.479173805803 0.009947042119721182 152.56828697475015 0.474924999723 0.011701948589360394
6.0700534752 161.11949648811265 0.475253274551 0.00967911351771134 168.70961720183936 0.464567687859 0.011134706461190273
6.224354127200001 173.4398832025644 0.469842920401 0.00939083140023642 182.50708224061788 0.458156058795 0.01072381618006335
6.39005961 186.7489193344152 0.464972094393 0.009127495009558177 197.61890913619268 0.452142128393 0.010337108267615167
6.5752203924 200.93970248684857 0.461354036596 0.008887963543165346 214.20306326500622 0.446990192965 0.009989118868852296
6.74226762 213.81685235027155 0.458697321389 0.008696037888789698 233.40850896305855 0.439214467732 0.009594213350101898
6.9180361887999995 229.449734228229 0.454441810738 0.008466269176795795 252.40298437450443 0.433480489363 0.009261415526423513
7.0387932208 244.87369744483564 0.447678443275 0.008248787064024115 274.3993371694245 0.423122014338 0.008876144897077902
7.1877268936 261.0318598367975 0.442863348923 0.008051429444675014 298.27875758429707 0.414524324866 0.00851394002080411
7.3956973376 281.2031800307861 0.439118579409 0.007838226683906836 323.9091222054725 0.409380632663 0.008213342089222697
7.577503758 302.86824819226564 0.433613958638 0.0076159572229114215 352.8957850071266 0.401938592785 0.007894067858889424
7.7365005168 321.225138029675 0.429942461352 0.00745082014981489 384.47898111483755 0.39324340313 0.007567013930034263
7.859941038399999 342.0334483866028 0.423383805254 0.0072715732563784176 414.5582456797539 0.384824526229 0.007292963915691189
8.0196086696 364.662142817144 0.418434563257 0.0070852536678724706 446.4110484520115 0.378436573929 0.007045347643126155
8.144390935999999 388.1007480664508 0.411981696592 0.00690857624411581 491.4526673384218 0.366374136142 0.006706416728782578
8.279907160799999 413.1453587493854 0.406006507135 0.006732069384826061 533.2181168057517 0.35764719535 0.006442210021015975
8.4140816408 443.6230711509674 0.398231305785 0.006531928928316113 583.6280927976496 0.347456210548 0.006157063561753934
8.5415473968 474.12617400499994 0.391104987828 0.006350474814521502 630.4875031124957 0.339408026652 0.005929863174101711
8.6629753012 506.19198845229977 0.383952672328 0.006173855460432249 675.4708037196699 0.332613151213 0.005739554207071669
8.8031876328 541.3469878943558 0.377338716236 0.006000071586892634 720.1113355969893 0.327385062933 0.005573108329033542
8.9601717744 579.93468245396 0.371119844971 0.00583153700069918 763.3770419387598 0.323668548836 0.005435222439662878
9.0943462544 614.4630561920278 0.365980164819 0.0056929631178964935 812.0376729165706 0.31854864696 0.005284621701232237
9.229862479200001 653.7522723580425 0.360140102364 0.005547158275736953 867.4494490857232 0.312828054471 0.0051270002744856985
9.336531190799999 693.6532815364889 0.353707613682 0.005412184895629189 919.9712175641763 0.307302657279 0.0049927698900184905
9.4707056708 730.3089629037232 0.349699003236 0.0053007919206499235 975.1159204596624 0.302798329479 0.004862976442408236
9.590791830399999 769.3414736767769 0.345061321974 0.005184487926054375 1041.2410312739567 0.296766009105 0.0047123085491886626
9.6766634976 811.7371723700372 0.338967814991 0.005069131005705278 1105.817806045102 0.2905710168 0.004579838033714785
9.7893700608 849.190951349964 0.335290184 0.004978860169117175 1177.5436230707471 0.284882755594 0.004446949278918119
9.8846339416 886.7273048991 0.331330686962 0.004887680742905419 1255.7465314755577 0.27857447865 0.004307833450739906
9.9678221192 925.0314229127539 0.32714844051 0.004798466406995166 1341.841102908956 0.271777418867 0.004167037201804717
10.0536937864 963.9303375747116 0.323258905846 0.0047175147099146495 1433.0897948633183 0.265266461134 0.004036550631096861
10.133527602000001 1003.89106979366 0.319292824681 0.0046371521354819905 1520.9756819992078 0.259548389133 0.0039204145199415045
10.2167157796 1043.3701973503755 0.315780733391 0.004562860912017731 1621.3788758086625 0.253462615306 0.0037986482494936523
10.2764234232 1085.160219153364 0.311466794195 0.00448508614074703 1728.349437319616 0.246942984684 0.0036787682253507288
10.3455232804 1125.5676245804066 0.307895541614 0.00441213713598161 1836.6903773613003 0.241172364872 0.003568148023835012
10.411268775599998 1171.5814712983909 0.303721880933 0.004335218646901719 1949.4178855767832 0.235594581741 0.0034641921232067595
10.460913333199999 1212.1316579436532 0.300034933325 0.004269190318235945 2057.1531240867944 0.230445823616 0.0033723238524844545
10.529342317999998 1256.7275668680215 0.296603255441 0.004200168887895097 2168.9945629171784 0.225902585572 0.0032856382044513673
10.5836829824 1303.422858455455 0.292757480829 0.004129924121240458 2277.0271293083388 0.221624008107 0.003207330162242664
10.6514410948 1358.0307428376336 0.28866048077 0.004053924268464751 2391.833518130815 0.217631139654 0.003132112233942891
10.7218826968 1415.0859201417397 0.284664031871 0.00397917467566773 2499.9138731532325 0.2142883348 0.003067073664754765
10.780248595600002 1480.5491138151488 0.279828282251 0.003897020245180539 2603.297348669442 0.211138564892 0.003009043989304602
10.8164757052 1545.3202201679017 0.274834388318 0.0038211748731173025 2718.4008676899443 0.207320096241 0.002947670676331023
10.875512476399999 1620.4012470307205 0.269869451695 0.003739495949835075 2825.2466375237555 0.204476440001 0.002896458961712545
10.9633967608 1696.048871700119 0.265924939585 0.0036633562328069274 2922.524240079493 0.202672524824 0.002853632871216802
11.01907917 1777.6796914884167 0.261078316903 0.0035860738835104015 3024.844482373177 0.200230586115 0.0028103665360589484
11.101596475200001 1870.3259749895392 0.256447220113 0.0035053057599080503 3114.0890476939758 0.198820970628 0.002776594603945116
11.184113780399999 1963.6895923644606 0.252146931162 0.0034304223434919443 3202.148851078589 0.197527834721 0.0027455469513483627
11.27065632 2052.485856492223 0.248549204735 0.0033632899155944633 3290.9061143550084 0.196355851813 0.002714526600233941
11.355186242400002 2142.616973163931 0.245097602663 0.003298480221230177 3383.880696285678 0.195094092921 0.002682167849134676
11.416906503199998 2221.3175576486146 0.2420314104 0.003246695313280385 3485.148979659621 0.193286229205 0.0026477736009590668
11.469234550400001 2287.421898242139 0.239606708647 0.003203797071984428 3594.713410310991 0.191192829943 0.0026093215261099203
11.5148538736 2346.806097543336 0.237500897128 0.003167373876951538 3720.54015801565 0.188682509679 0.0025668240249345537
11.5483974936 2406.355460659595 0.235231249611 0.003130813339272234 3847.757285116319 0.186080499247 0.0025245008590579483
11.5712071552 2460.704737954759 0.233082183262 0.003097977836001493 3979.2744304159605 0.183343892819 0.0024822960762143193
11.596029433999998 2521.668349228218 0.230745361707 0.0030630062584786695 4113.728559977479 0.18071227304 0.0024419162874622998
11.6168264784 2582.1260833368883 0.228440774094 0.003028988770505272 4250.804898038049 0.178096049275 0.0024021864736187065
11.645003119200002 2656.426054500407 0.225773987157 0.002988940818626102 4386.068256426799 0.175755899194 0.0023656742021492937
11.669825398 2733.309314295517 0.22305469591 0.0029488245471409364 4521.913820686443 0.173466884629 0.00233048593097512
11.7073942524 2839.2730892086493 0.21956272387 0.0028954608778018172 4652.367132648892 0.171569964319 0.0022985758589085027
11.753684448 2964.1492642260605 0.215743318329 0.0028370536715377212 4767.799889196995 0.170151869491 0.0022728929991018376
11.786557195599999 3116.9442366378057 0.210983788212 0.002769937391023163 4882.390564625607 0.168614962992 0.0022485658808202524
11.846935711599999 3332.208267247016 0.205108154777 0.0026826503783023807 4988.824231830692 0.167662207515 0.002227847833667994
11.9106685896 3549.579522894821 0.199804413169 0.0026025884396186144 5094.971028246484 0.166800059972 0.002207807564486105
11.946224826800002 3785.7531156806645 0.19405568554 0.0025238849380744516 5194.304127241056 0.165691661977 0.0021900483519149243
12.0045907256 4043.098616293156 0.188701559194 0.0024466771257234334 5286.763089606688 0.165039614267 0.00217511902267484
12.056918772800001 4255.257570524149 0.184743221493 0.002389022046588571 5391.314007889123 0.164144852809 0.002157668744069722
