0 0 0 0 0 0 0
0 0 0 0 0 0 0
0.5420648992000001 1.6361814325348079 0.403115738467 0.04785644974058137 0.7751298821179403 0.559195762932 0.10983937949342151
0.7198460852 2.3315455976852206 0.449846271762 0.04632307191129785 1.2563825521372958 0.592104695038 0.09506155375553978
0.9029942504 2.951009973145579 0.501778279151 0.044611491729358944 2.2933053526663323 0.56245169232 0.07008805634488915
1.0693706056 3.682874314612878 0.53308315604 0.04528834867685019 2.6988619080568523 0.613798939558 0.0698471170359675
1.2592274948000002 5.181624323121399 0.532784566073 0.037735446489323914 3.612418818757245 0.6287440379 0.06315627119523733
1.3980980816 6.737469329216282 0.521447001644 0.0333936462323749 4.515473193886249 0.627739238899 0.05758049854114896
1.5778918848 8.331969199146242 0.530622870564 0.03072460638791348 4.9956771669783056 0.672974441726 0.05862398905535527
1.7482934744000003 9.995554901189609 0.537934200784 0.028012994196196697 6.312186217235352 0.666964979631 0.05259072321159426
1.9260746603999999 12.327195679788032 0.53515252025 0.025785185276062675 7.481013258171766 0.676821941513 0.04992476490474715
2.1219694012 14.532751514151231 0.543845528919 0.024391117336748123 9.225903484368562 0.674110789538 0.0456779932500216
2.2890166288000002 16.294294023385124 0.554507682817 0.02371396009373252 11.460970908403828 0.655324834111 0.04089429216767207
2.475519156 18.55203914743814 0.562619148905 0.022782807665020464 12.65195984573708 0.67494123378 0.04013026072926222
2.6070101464 20.71466345874175 0.56137560381 0.021729636935516532 14.289390109863575 0.670140455985 0.037765339355241206
2.7646651604 22.735244735032882 0.568626329556 0.021216855200543953 16.572619980163815 0.661441592458 0.03516355633539478
2.9303706432 24.80439216993657 0.577330946521 0.020919527998727046 18.797619392591358 0.65937285922 0.03327338621457481
3.1041265948000003 28.204237406469456 0.574239107467 0.020005362544080328 21.486771131066746 0.65443476909 0.03146224561128487
3.2859330152000004 31.443730092263124 0.576206066658 0.019040146745640685 24.364986569178907 0.651515560217 0.029753995929390934
3.4650559459999997 35.40518157052218 0.573209081803 0.01808345965350288 27.89177276383601 0.643176784834 0.027868208617720786
3.6307614288 39.279793150034834 0.570715273244 0.017342675296814776 32.11790278658795 0.629119767108 0.025858595622345732
3.7870746979999996 43.60190498067061 0.565507872777 0.016668010308337162 35.774287277452615 0.622461645459 0.024612745934073525
3.9668685011999996 48.67215514709891 0.5611282408 0.01587556041720554 39.0576246855625 0.624424771239 0.023830634732430925
4.1406244528 54.14055687809581 0.555782144151 0.015203234084615744 43.3481794675379 0.619264833713 0.02274392005223777
4.3023047012 59.529106721191546 0.551095425388 0.014653474214157346 48.33615818950691 0.609965662028 0.02155396678912834
4.4941742076 65.26835473495147 0.550079013078 0.014167144353067044 55.586680794114244 0.594927341912 0.02001689568652443
4.6578670732 71.28621486423522 0.545826379032 0.013708225094020794 61.737248676326104 0.585577959023 0.01899079975491511
4.8081424908 78.52245524287689 0.537199944046 0.013183615124554245 69.29529018427813 0.571104172316 0.017854739913794746
5.010745955599999 85.37878914193492 0.537106089565 0.012785405719908752 77.28960687518469 0.563958832887 0.016959281408307884
5.1684009696 93.20258963576016 0.530518482048 0.012349129580596137 86.96371789504127 0.548868192942 0.01591302958329611
5.3730170516 100.95202662649841 0.530120746605 0.012001153777467447 95.58242498870261 0.54454585408 0.015270535721555518
5.5501273652 109.4816542204973 0.526045518835 0.011653818096209911 105.52234480522863 0.535659319031 0.014559955746087217
5.722541572 118.06972350164564 0.522476551711 0.011317658578887245 114.88578785404678 0.529552189531 0.013993903893276474
5.8929431616 127.22664666312568 0.518490903023 0.011043774765312596 124.06029265938518 0.524965539094 0.013526603657938988
6.085483540399999 137.37879511866873 0.515436547101 0.010767216297393564 135.84391769399463 0.518298287872 0.012973783296094549
6.2874161328 146.8305764458109 0.515237863895 0.01053541473749872 148.78346788185442 0.511891891064 0.012444318380825214
6.4605012120000005 157.13302179259716 0.511913329996 0.010270502336148152 161.42237682996193 0.505155755314 0.011964536662878358
6.6168144812000005 171.08186972241361 0.502669893069 0.00993050846189464 176.53947418615238 0.494935224301 0.011446213725107277
6.7905704328 184.21934320894076 0.497281966864 0.00962849273368331 193.96079324685496 0.48477947933 0.010912992530262839
6.9428584676 198.2109719047945 0.490307082778 0.009344432035800897 214.7251507078964 0.471282462032 0.010348827699455034
7.1293609948 212.71855522086312 0.48612576034 0.00907552808717248 232.92474429474842 0.464782286055 0.00995307685136223
7.32928097 227.56414928201858 0.483284441 0.008836341315365941 253.40697463805765 0.458224667959 0.009569488489268934
7.4916320908000005 244.0890461037802 0.477093059184 0.00860039942675742 274.01485565538724 0.450534674833 0.009221755790815318
7.6922229384 261.3020792573402 0.473554788782 0.008374803402695563 299.8984020264691 0.442307076341 0.008834147426997618
7.8539031868 280.0764699340266 0.467128311479 0.00814455017527802 323.2442209445858 0.435086436012 0.008524283703678978
7.994115518399999 298.4474266960192 0.460696344526 0.007933850338756541 350.6562956338671 0.425296541551 0.008179706841414553
8.157808383999999 318.57246913622464 0.455125817781 0.007723735792795471 383.5496513923559 0.415082078619 0.007820981352148893
8.30204595 342.8933907878613 0.446546862874 0.007487694291025104 420.1453569719651 0.403705255575 0.007464483246665564
8.4389039196 366.65078740053747 0.439042332627 0.007275790479100445 460.72116999318905 0.391966696822 0.007114689607199506
8.5717366548 391.83245695747087 0.431466017204 0.007077091777224501 500.7805575498707 0.381955832559 0.006823490040902288
8.6763927492 417.1105086147689 0.423368290571 0.006889265734692756 541.8459372359092 0.371747788498 0.006553302502473235
8.7998332708 445.7925085289226 0.41542110598 0.0066968236986683135 583.6182249473549 0.363349090768 0.006320433282636808
8.9306533888 474.0669251653055 0.408891722966 0.006522929639520234 629.8659964348354 0.355007626258 0.006087202659616915
9.068853103199999 508.40992877043294 0.401016118498 0.006332687043839497 686.3349225708566 0.345407752878 0.005835100892799519
9.215774158799999 543.1776835508894 0.394311715073 0.006155010205438581 744.0120474189997 0.337170016002 0.005607121338406734
9.3378729356 578.370448412629 0.387242063868 0.005983366341123942 802.4645844843375 0.329000072058 0.00540112229993012
9.455946478 615.9461465589225 0.38003891399 0.0058237678964628715 855.8740384785195 0.322628928236 0.005242284361457186
9.6028675336 655.1017699913101 0.374274874544 0.005668892038128233 911.9144320441395 0.317441962596 0.005089702566226563
9.7182575864 697.8180503974577 0.367040433805 0.0055117602783162235 972.6543023123218 0.311091638855 0.004935807199371307
9.8645077696 742.0892974777413 0.361317834443 0.0053661404760782525 1029.724780177326 0.306918901434 0.004812047243422588
9.9906317808 788.3450914692392 0.355076003003 0.005227844110953307 1088.1555263092878 0.302402188438 0.0046931555702224275
10.112730557599999 831.8812233361757 0.349914069278 0.0051071535004062136 1145.7845984978048 0.298318349554 0.0045843135595217376
10.206652693599999 875.4997962509151 0.344282328616 0.004996695849243583 1216.0040400227174 0.292287317608 0.0044565167219775955
10.2871573816 917.3025967800727 0.339023928375 0.004896031232667621 1296.2458850551575 0.285350584826 0.0043173917152306155
10.374370793599999 956.8407787162943 0.334780347579 0.0048058145891253495 1385.254420591759 0.27839168494 0.004174913997676325
10.451521119599999 996.8588216543997 0.330450506722 0.004717882014861051 1484.4983997794814 0.270945051324 0.004030046499589087
10.5172666148 1035.174173983092 0.326334694695 0.0046373726393747206 1584.5068346387568 0.26392251528 0.003897446324729436
10.564898555200001 1079.1017912102925 0.321090731043 0.004551653020823854 1693.3193069470942 0.256475114054 0.0037682227332698926
10.6373527744 1127.2842697646195 0.31632677768 0.0044628513106737535 1804.9419026230942 0.250136000355 0.00364889315183672
10.6883390768 1174.7343118374565 0.311375050882 0.004379459682521241 1915.6295252787352 0.24397838375 0.0035410625615558667
10.7547554444 1230.0778248910765 0.306198620977 0.004288695269817378 2026.730870222946 0.238681677555 0.003443052423716284
10.811108725999999 1283.7816431919646 0.301312260853 0.0042039628254298255 2139.926897726838 0.233510115036 0.0033510202159159866
10.846664963199999 1341.5029013325814 0.295744545413 0.0041193248081614914 2240.8161301247405 0.228951404312 0.0032764582261314928
10.9197900548 1400.8985973895649 0.291372250751 0.004039160381092961 2344.9822323033204 0.225324269586 0.0032069840710416218
10.9741307192 1462.3723387229488 0.286615266273 0.0039586427374516606 2447.942018410593 0.22163868193 0.0031405272255690554
11.049939300399998 1532.6866142000517 0.281911386104 0.0038731753222988894 2545.7044175646547 0.218847793964 0.003083587929642632
11.129773115999999 1610.2508003177018 0.277038676197 0.003785919911207327 2644.7082979879624 0.216268486243 0.0030295098231048756
11.212961293600001 1695.0186805329408 0.272054117689 0.003697758911466264 2741.616158216624 0.214003739725 0.0029812639887970174
11.2646184684 1784.2711351831724 0.266397441429 0.003611443183857311 2842.077103158287 0.211160192038 0.002933197660608609
11.3484775184 1868.5729468869642 0.262267126184 0.003536855383837366 2943.843518580215 0.209026604449 0.0028872354220755674
11.428982206399999 1948.3430686796016 0.258672984327 0.003470357174160878 3044.6480866132183 0.206998708623 0.0028436953894108745
11.479968508799999 2022.1130327972064 0.255051467993 0.0034115997543388557 3151.9457493332334 0.204356294462 0.0027975880387452285
11.511499511599999 2092.4167935408595 0.251426074558 0.0033577014503804203 3271.547505049414 0.201141133049 0.002747164615004476
11.5618149416 2160.6348557849165 0.248512756671 0.0033082498394203927 3400.403051355396 0.198159539327 0.0026959280032456084
11.6000546684 2231.6292911702576 0.245342854763 0.0032574723255577314 3528.690907347751 0.195171113771 0.0026464173774760715
11.6235352024 2309.0775368357445 0.241688076361 0.0032052399719671907 3649.9911324737145 0.192292378041 0.002602589134596718
11.65640795 2393.6166010268535 0.238059505956 0.003150846410087596 3771.587191844622 0.189705179467 0.0025609388307813756
11.6886098252 2483.68386920949 0.234355199512 0.003095998698935842 3901.551432576609 0.187037013895 0.0025189341290777875
11.7281912968 2587.524735323923 0.23038871405 0.0030353469281225514 4029.923045794414 0.184659738296 0.002479241711456037
11.763076661599998 2694.7809386260255 0.226435071633 0.0029770808979835044 4157.69604194355 0.182343365276 0.0024421177363931463
11.802658133199998 2811.1247151473913 0.222451989438 0.00291737153065563 4279.716180610522 0.180332045776 0.002408516551371108
11.827480412 2948.5808127471455 0.217668589846 0.0028512832945712624 4401.740592626206 0.178190972256 0.0023764351192606774
11.8569987976 3098.391932587626 0.212877596012 0.0027839271904209384 4523.63960767265 0.176214328575 0.0023455854756087827
11.8865171832 3255.583473922257 0.208197854261 0.002718152406706935 4644.574864184222 0.174339804091 0.0023163974033529014
11.9079851 3439.7322897950535 0.202920381156 0.0026476903872959486 4759.638041371262 0.172532286819 0.0022907244593719494
11.9569587852 3601.843436085954 0.199121564507 0.0025902621404456823 4873.081056998209 0.17121486066 0.0022661730214084534
11.9864771708 3767.998288084759 0.195166916377 0.0025346954859956695 4992.456842783206 0.169574582943 0.0022403812281501893
12.0079450876 3933.3063934457095 0.191367883331 0.0024827490405553146 5125.98916787015 0.167652650249 0.0022120929323985626
12.038805217999998 4101.338692259094 0.187892009469 0.002432551302943702 5257.724794219281 0.165965895086 0.00218487529010369
12.056918772800001 4255.268837447239 0.184742977143 0.0023890188258571146 5391.47710920535 0.164142371809 0.0021576347304659905
