0 0 0 0 0 0 0
0.30725955920000003 1.2327053149208953 0.266297483867 0.032429422273070566 0.5534611169448 0.381618172516 0.08841871939546882
0.44747189080000005 2.1874451387524974 0.29302595772 0.029330432077880567 1.137924207607644 0.395703717247 0.06878668589710721
0.6084812667999999 2.957569549542559 0.342620841694 0.030086686949155887 2.009870674500169 0.409894146811 0.05616258936138743
0.80504688 4.060294817072062 0.387305453868 0.02866504990767935 2.8290611121478513 0.458262054872 0.052795988868320154
0.9251330396 5.676631232760727 0.37840318837 0.02493818111126856 3.3194031846935355 0.486571326473 0.05164045624138652
1.0780919468 7.2133403866070855 0.391986099782 0.023735965679112923 4.682877294820741 0.480709011174 0.044896676172027444
1.2994798388 8.937072835578169 0.424739385012 0.022886039225346263 5.632958256964036 0.528268136866 0.04500264059776932
1.4745775352000001 11.052408183221214 0.434194688686 0.021447047187909865 6.47941699693985 0.559176382797 0.04484464366933618
1.636928656 12.67869462250886 0.450323763331 0.020915229921882928 6.7864429109942845 0.605344128341 0.0465885819573882
1.8355068864 14.857516286242035 0.466860744641 0.020216067346017132 8.030528945950854 0.625130817786 0.0447258274593097
2.022680286 17.063988493304834 0.480426511911 0.01980535748386902 10.98352893073106 0.592892049054 0.03783799087527473
2.237359454 19.429097946163896 0.498283599134 0.01928288926775495 12.794403447511948 0.608480150368 0.03641079694184869
2.3842805096 22.265920385932315 0.496647908562 0.018392141152809828 14.748619831040182 0.605150426556 0.03437504363475253
2.5486442475999995 24.894169645794804 0.502447144329 0.017859364598797278 17.18945338311895 0.600398683573 0.03209785379086744
2.740513754 27.67287567425895 0.512698401444 0.017492534985049723 19.67012256951439 0.604340176032 0.030631468485228422
2.8860930648 30.07664105587556 0.518157593508 0.017144439810759367 21.576993820093755 0.608187548547 0.029638454115695566
3.022280162 33.22818919116058 0.516640717607 0.016554666168548667 24.26523089439371 0.601421968114 0.028022755497701148
3.2007322204 37.0404942326078 0.518595649282 0.01604240908039627 28.344861796077303 0.590377382216 0.026024907654152028
3.3798551511999992 40.471686335296674 0.524130101883 0.01561193691561868 30.760875931756654 0.598717099434 0.02539497388081635
3.5522693579999998 45.21935993420529 0.521555791621 0.015011705038296753 35.576954822017846 0.586034617049 0.02358304001868406
3.7320631612 50.14539328267434 0.520685154145 0.01451806554278456 39.94086350022079 0.581671796223 0.022432457834518093
3.8870346855999998 53.969015918513655 0.522942189178 0.014198211562726932 42.575496000699346 0.586978841099 0.021987568834157444
4.082258554 60.31864952397637 0.519855725626 0.013674222151453912 47.708485643073885 0.582879092272 0.021008442333840423
4.263394102 66.2797540449756 0.518209971038 0.013293476326726523 52.14690641084052 0.582610443579 0.02031053713119499
4.466668439199999 71.61087083755723 0.522480915711 0.013040543798904987 57.634648872653166 0.580994081265 0.019503089937052298
4.6618923076000005 78.34522712094653 0.521593066744 0.012681105429356071 63.245171419597234 0.579214607369 0.018796898322079626
4.8390026212 85.21186428198112 0.519362996786 0.012420826511860094 69.52291312435523 0.57380819052 0.018016701031714363
5.0328847448 90.9117724133952 0.523084372867 0.01219950975883417 75.40959276112265 0.573293195915 0.017438738516666476
5.226095995999999 97.80518879097261 0.523836599798 0.011893249624869843 83.1871957095706 0.56714501363 0.016652210712301326
5.442787781200001 104.54799459391937 0.52778739221 0.011685802531402318 92.07458367625748 0.561764953862 0.015892094936269002
5.6279485636 112.48551067136108 0.526307116116 0.011392522465231812 101.53794981728471 0.553472533485 0.0151420477213089
5.8110967288 122.6529690525775 0.520646071996 0.011007875211042089 112.18379360130477 0.544009805635 0.014424089652999246
5.9949157664 132.8013813017346 0.516371622696 0.0106643429044276 123.30179434215118 0.535592914013 0.013755656428439685
6.1599503768 143.18931782946447 0.511153966568 0.010368230482389086 133.90831506882012 0.528315859622 0.013228027657951846
6.3578577348 155.30354275083053 0.506753229031 0.010048707892558755 144.09635240131982 0.525819363676 0.012840838206642648
6.5121583867999995 167.10721926685122 0.500544321426 0.009770076200849905 156.04820673684338 0.517745182742 0.012363081078107711
6.6597503148 178.2452087813029 0.495767043748 0.009535463727115062 168.3729814734091 0.50991262632 0.011909057431276222
6.8153927115999995 191.49175557467362 0.489631892045 0.009279376013014129 182.6794071368001 0.501162545469 0.01145081091201139
6.9649972568 204.0800606224482 0.484817138535 0.009058109399433694 196.74721030964736 0.493666853681 0.011040835928217025
7.1327153567999995 217.38397090143354 0.48116241976 0.008853430932147674 212.55323300407701 0.486540267311 0.010645229432908083
7.309154798 231.8563651014177 0.477528644648 0.008643875976972137 229.43987452513974 0.480010739866 0.010263449925807347
7.4614428327999995 248.97157535926576 0.470543787335 0.008404815015034461 253.01163352895452 0.466808385496 0.009747247297015616
7.617085229600001 267.55565347302735 0.463489988641 0.008176036509402022 272.0872951044757 0.459649699567 0.009414314123834795
7.776752860799999 287.5174277347149 0.456589402221 0.007940393041632854 298.67662002128213 0.448052782757 0.008967800320201268
7.949837939999999 308.4419042745125 0.450735547544 0.007714468047129007 325.0847479259243 0.439141157455 0.008593841879210676
8.0866959096 333.6837752809075 0.440923661357 0.007463590144956526 350.17333758087784 0.430497600804 0.008287696053901653
8.238313072 357.23431107408004 0.434215332253 0.0072566586399993695 379.2950302970842 0.421491501766 0.007967908289510476
8.3973098308 380.8463581407448 0.428727072146 0.00706927813297308 405.84358999848797 0.415406596691 0.007717644902036292
8.556977461999999 408.6286808665922 0.421842851575 0.006868762007698353 437.88957555663467 0.407598665449 0.0074391321071814965
8.7253664344 436.7913217581891 0.416112047728 0.006683756277408326 470.620344919547 0.400972475476 0.00718933420013503
8.8984515136 462.611208484968 0.412404037017 0.006537162011981201 505.87815155712326 0.394480610188 0.006944758651485027
9.04000559 493.8857399550905 0.405544567466 0.006359007488828057 544.3703066073126 0.386390175048 0.0066964907385161365
9.1996732212 526.8101501511995 0.399658095621 0.0061922994525030785 580.4921010697635 0.380831737701 0.00649858475910082
9.329151594399999 560.6609602188861 0.392911015348 0.006033265435688723 629.6785400430653 0.370864754412 0.006238150714774991
9.481439629199999 597.4595122742363 0.386880991491 0.005874122047187845 683.4002047975924 0.361857114345 0.0059901742700291
9.5813996168 636.323416069224 0.378883363683 0.005716816928841365 740.3808504652272 0.351373225837 0.005751348418704858
9.685384838800001 671.0139710347815 0.373002142038 0.005592282542773467 798.2451235986539 0.342116510572 0.005535869014089852
9.7806487196 709.4020818117655 0.366376860851 0.005458316553542942 864.2294316977542 0.332075658034 0.005313380564334864
9.8826213244 748.1100222383343 0.360526689114 0.005334589875961741 933.9774535020096 0.322805370224 0.005104750479335788
9.975872588 791.4634612774074 0.353856302286 0.005200623520229427 1008.1046168277408 0.313678079275 0.004906701931596456
10.0818704272 836.2648016448805 0.347936553776 0.005078442795313145 1084.0183415285753 0.305739593354 0.00473066042075302
10.180488669999999 886.4290284556419 0.341286024167 0.004949043415657456 1163.1593445482308 0.298069359827 0.0045672707124929995
10.283803019599999 937.4108894903824 0.335272222572 0.00482866306077428 1247.8170389634324 0.290725676999 0.004409001505617415
10.3770542832 989.8133101900396 0.329261714433 0.004714957193192698 1330.0233676024418 0.284171929885 0.004275347777978571
10.459571588400001 1040.460586862905 0.323724715451 0.004610489221903738 1413.9472726259114 0.277819778782 0.004146371398707275
10.549468489999999 1094.0407888098223 0.318433019758 0.004509289461772075 1501.8985194906393 0.271896145141 0.004026508503169188
10.656137201599998 1149.0614310997225 0.313876634152 0.004412798984684553 1594.9988126565565 0.266524483343 0.003911386104719563
10.7359710172 1202.7622903023282 0.309105868228 0.004323289073798308 1690.6237038459706 0.260830980011 0.003799883336120347
10.8097669812 1259.5344167918515 0.304152836357 0.004233428426072866 1785.6584586769688 0.255552325657 0.003698930184925188
10.8862464348 1315.278474086144 0.299758743042 0.004150742528527343 1884.7909129993707 0.250512444684 0.003601185824771061
10.9472958232 1368.7617544095729 0.295505486651 0.004076739504347758 1989.2332599721817 0.245225927815 0.003505500821086653
11.0016364876 1426.7558644440182 0.290887962713 0.004000954004730064 2098.7263040045514 0.239938874255 0.003413655345648501
11.0546354072 1488.8862378259228 0.286139338145 0.003925136656541591 2213.1852237425155 0.23478729932 0.003325721406292583
11.0908625168 1548.9412370067046 0.28146915186 0.0038541292088355955 2319.2186981671066 0.230117091596 0.0032492752483513536
11.166000225600001 1616.5002378544182 0.277402844731 0.0037797119266105863 2433.5359207979577 0.226176323381 0.0031744871730087693
11.2096069316 1676.5327946656246 0.273464823898 0.0037170289300917977 2543.5831424286043 0.222100170729 0.003105957267900615
11.2646184684 1745.428529106618 0.26933904311 0.0036478774949247057 2657.4204329113504 0.21836345663 0.0030398755593604213
11.3088960468 1820.6284206065807 0.264765183585 0.003577681425538975 2774.7259306520305 0.214543597148 0.0029766721315952235
11.3732997972 1896.407740786592 0.260907999344 0.003511274975248605 2894.7861736843843 0.211248790668 0.002916922773437006
11.414893886 1977.3474840585843 0.25645627565 0.003442671568108627 3015.2211969323334 0.207748842509 0.0028593407979291183
11.4631966988 2059.8727155506244 0.252338483566 0.003376697840853712 3132.0231580853956 0.204705101278 0.0028068095655575634
11.510157766800003 2143.7911741738394 0.248371697052 0.003313103564951586 3252.0679222098515 0.201718434355 0.002755412550915803
11.5738906448 2246.09099853723 0.244001985504 0.0032430146143666494 3372.419430389775 0.19918675473 0.0027096699159178507
11.613472116399999 2349.0777245191007 0.239417630967 0.0031756246836642773 3489.6775201346773 0.196484734952 0.0026659128014643618
11.6483574812 2458.6257746682845 0.234734046625 0.003107927905790162 3615.582033060905 0.193616620527 0.002620705263227203
11.695989421599998 2554.031684436647 0.231255921301 0.003052813024476342 3738.086590909363 0.191199190288 0.00257901231606717
11.726849552000001 2655.9179154705084 0.227381383019 0.0029961079882450943 3859.9491657212293 0.18865611179 0.0025386204186511985
11.7697853856 2758.820076920018 0.223922890947 0.002942835174892232 3978.902720410318 0.186497486635 0.0025018406363144408
11.810037729600001 2863.5300664700167 0.220547578884 0.002891569040036451 4107.639957097442 0.184182002201 0.0024636705338746882
11.830163901599999 2969.966859052867 0.216933700081 0.0028416820662988287 4238.427982303769 0.181629552848 0.0024262151231561856
11.8663910112 3066.8194106059364 0.214138544063 0.0027985302553683055 4367.007833104464 0.179485828372 0.0023907641299085658
11.879137586799999 3171.860216165553 0.210793466722 0.0027541414128814715 4502.627042417071 0.176954303174 0.0023551698713012146
11.9006055036 3283.1255973494467 0.207569364873 0.002709184097100121 4638.7109380927495 0.174656545223 0.0023211588701633856
11.928111272000002 3411.6100663236966 0.204098216606 0.0026596597030179732 4771.790950732323 0.172603736269 0.002289341070703282
11.9576296576 3549.8794996727474 0.200583289362 0.002608913489718008 4896.6398373175725 0.17081240332 0.0022605977052880324
11.991173277600002 3705.8733963163136 0.196871310585 0.0025552835055549414 5023.855740225878 0.169110459755 0.0022328317504223655
12.0039198532 3874.0508894327177 0.192759760303 0.00250086216989054 5148.023985680143 0.167237689703 0.002206486563751109
12.028742132000001 4066.252080018632 0.18854245403 0.002442397911470906 5270.076133138834 0.165632930448 0.00218147943824761
12.056918772800001 4255.160032330369 0.184745336856 0.0023890494588733138 5391.47710920535 0.164142371809 0.0021576347304659905
