0 0 0 0 0 0 0
0.3548914996 0.9504988845809752 0.344297170926 0.047928181541931014 1.0342641110015256 0.331414021502 0.05860331313613933
0.5306600684 1.541986921253462 0.405795748339 0.04364316410230966 1.5005068122367438 0.410834608125 0.06144171710980413
0.6903276996000001 2.6358328841899508 0.408416271695 0.03590119146203016 1.767829008448396 0.489953175884 0.06641567703775092
0.8627419063999999 3.507570135999888 0.443480045345 0.03299917771374586 1.95290799216036 0.57867082149 0.07165478933476778
1.0640036264000001 4.668647615445952 0.475309216546 0.030229933249555595 2.8709933093558524 0.594158489369 0.06239678151809029
1.2236712576 6.149734416548937 0.478302388043 0.027551765972628487 4.185586046279365 0.572038998083 0.052578269751117894
1.4027941884 7.364576899110782 0.501685744802 0.026776992276943683 5.556002171131848 0.572404889305 0.046817562286053015
1.5825879916 9.47818677000654 0.500656632012 0.024336570741353914 6.6512795757184735 0.59144387796 0.04504888413676617
1.7449391124 11.056741140594097 0.511799954836 0.023411204640961403 8.17412941777044 0.590338693872 0.041628853238979295
1.9274164052 13.49881904147837 0.512804082409 0.021731526085761205 9.956813044182848 0.592553846749 0.03861475779939694
2.0917801432000003 15.50129804316154 0.519967144653 0.021021233327818835 11.67427136168531 0.595171870508 0.0363375984386008
2.2635234776 18.306449436312658 0.518657094331 0.01985850474916452 13.708671378561284 0.595584187908 0.03423772092632689
2.4171532572 20.24905375180611 0.526969764282 0.0194157688643673 16.194356586981716 0.586568231957 0.03153926073636491
2.5969470604 23.1161667861519 0.530471010135 0.01866618712945152 18.2558787626386 0.594183660169 0.03049020614867553
2.7277671784 25.14735956000567 0.534538278198 0.01842356170079272 21.200036080837798 0.580364417858 0.02826143787874236
2.8679795099999996 28.068735273806883 0.532486147909 0.01795794433106173 24.102587977214554 0.573130641952 0.026737255269992502
3.032343248 30.92133227072805 0.536749984334 0.017545967595642246 26.726825531118912 0.575951774081 0.025753151796285567
3.2228710096 35.57118565407276 0.532506642999 0.016647663422918683 30.062991709828726 0.577736989657 0.02463581521040892
3.3999813231999996 39.22007309508748 0.535329534171 0.016143295578625594 34.407643476984035 0.570454468766 0.023170890923392938
3.5683702956000003 43.64405158778765 0.533020869512 0.015601184182198163 39.81449201449848 0.557374952339 0.021568588343147184
3.7387718852 48.53697183068 0.529974332241 0.015072258575303848 44.20917181257184 0.55464724947 0.020660148001403953
3.9467423292 53.39965048998633 0.533638128757 0.014572899908454744 49.20403955677092 0.555369008807 0.019805539751833953
4.1171439188 59.18712938421173 0.529127275488 0.014063508106616301 54.65616478514726 0.550118070592 0.018889516497623687
4.307000808 64.75011582017761 0.529472323496 0.013647399233922176 60.15651958110934 0.548871413614 0.018184258875748895
4.4975285696 71.05604938625173 0.528062797707 0.01331062417102833 67.80360837566104 0.540317431056 0.017147376119656804
4.6954359276 77.39959229403436 0.52844726261 0.012929189634327402 73.40232625778347 0.542358480815 0.016698883994030897
4.877242348 84.82432847365176 0.524601789333 0.01250297698539437 80.97261790351344 0.53669846793 0.015989267278605536
5.0543526616 91.19326968099924 0.524498759654 0.012197949897536298 87.66724766064935 0.534751052146 0.015477115266045194
5.1999319724 98.93085566759724 0.518313104393 0.011899123018040346 93.63651345050707 0.532510021419 0.01506503235583897
5.373017051599999 107.56388810157205 0.513840163477 0.011522690872969501 103.97820265384189 0.522479819734 0.01431776905061324
5.5273177036 115.47870946502847 0.510332103625 0.011241600500116305 115.20459374874845 0.510929481064 0.013593589953907888
5.7151619756 124.33729225482425 0.508686948882 0.01094849248971867 126.97366324052291 0.503456009279 0.012981533438577591
5.875500479199999 134.00168648520014 0.50391976621 0.010640068417317848 141.71507992005317 0.490203579153 0.012262230808989767
6.0378516 145.27554148724005 0.497529324858 0.010295048811858044 156.02807200134308 0.480303219864 0.011693592296494899
6.197519231199999 158.49141269547417 0.489126062264 0.009936289086725992 172.35422899335893 0.469282994781 0.01114163486735811
6.363224714 170.02249452430394 0.48500728648 0.009662541500540746 190.23665320204967 0.458812863452 0.010598309749991673
6.562473816799999 185.00720500403517 0.479662285582 0.009350000500481006 208.2915131347347 0.452350289943 0.010165073734340061
6.715432723999999 199.46697256134203 0.472855560249 0.009075171122598967 226.91738444061897 0.443627885957 0.009754651536976366
6.877112972399999 214.1394184078857 0.467474325284 0.008840716322727244 247.14254739594318 0.435448371582 0.009365638814066444
7.077703819999999 230.49448275677284 0.463833271916 0.008601300072441856 268.9731754545283 0.429684541024 0.009024275572903211
7.252801516400001 246.47152932288594 0.459740785217 0.008386696238061946 292.4016643147039 0.422410923601 0.00866826735322827
7.409785658 264.48364865421235 0.453520615843 0.008162369803266076 316.7246629667748 0.414748061319 0.008348241302468366
7.584883354399999 284.18961903559307 0.447950376392 0.007922689570196715 344.6420105144467 0.40708337142 0.008018845133282227
7.7291209204 303.3058805009312 0.441937279497 0.007710366247770761 370.01672702371496 0.400421948417 0.007751351573057484
7.859270166 322.0886491826494 0.436156648848 0.007535612313809466 400.8784722334093 0.391260465044 0.007448657738859977
8.0196086696 340.3188397037402 0.43302974504 0.007374851994841317 435.94899898457754 0.382923389451 0.007146247521349328
8.1625044908 365.64590226282985 0.425293882478 0.007159721305038746 478.53705048441236 0.372081405169 0.006820926734206205
8.3060711844 391.0353489061511 0.418563079412 0.00696833297349205 524.9833466364674 0.361562742285 0.006514113801758178
8.448296133200001 417.16768596148546 0.412247220074 0.006779701173463804 567.2608274539182 0.353838464019 0.006274805603431504
8.591191954400001 445.5001141088347 0.405735070506 0.006591957927055379 614.1974857620795 0.345853067026 0.006038233744742474
8.6804179836 474.07809343488384 0.397464530944 0.006412334992780319 658.6652835512449 0.337488128275 0.005831085816567577
8.8005041432 505.8646937518951 0.390156073275 0.006232717634322964 700.1857387910175 0.331890596332 0.005666644198183065
8.921932047599999 538.8604913511697 0.383291210626 0.006067885405178823 742.2320002449475 0.326830420506 0.0055197311021758155
9.105080212799999 575.5591536177841 0.378529496307 0.005907046758750202 792.0744104612002 0.322902867423 0.005365787113015197
9.263406099200001 612.3708676665293 0.373399716723 0.005757362292235988 842.7334105570818 0.318517180023 0.005221967805294239
9.3969097068 648.9396448159998 0.367993201763 0.005617926712146516 893.1532965518237 0.313879656453 0.005086547076095797
9.5344385488 687.1663590955714 0.362881213073 0.005483516554214232 950.376069101592 0.308761849219 0.004943297819797079
9.6498286016 722.9847602847639 0.358090825332 0.005369756792450945 1012.2075623995411 0.302828634983 0.004800012455520156
9.7370420136 758.0294455369474 0.352905310929 0.005263816751892587 1082.167457833752 0.29554966844 0.004645034476446616
9.841698108 795.8570289170655 0.34814573935 0.005156537435969355 1156.5234970344172 0.288987191105 0.00449650968712533
9.922873668400001 834.29556592352 0.342862502934 0.005050799922531119 1242.32039794807 0.281153854617 0.004337133654334237
10.0208210388 873.4783180439393 0.33841531166 0.004950133076583218 1331.2762974573473 0.274299950434 0.004189199249315357
10.077174320399997 914.3522529102396 0.332649734783 0.004852412159388943 1427.5319368712735 0.266401149098 0.004044614679380431
10.1650586048 958.4412758825866 0.327764683541 0.004751387213923023 1525.6299718323805 0.259958531146 0.003912896860262148
10.236171079199998 1001.160679869944 0.322959521356 0.004659349211004978 1626.0101606952128 0.253583618407 0.003790135539460725
10.309296170800001 1045.2717741410665 0.318348529069 0.004569489187319203 1726.9986242725556 0.247828810213 0.00367837992148501
10.375041666000001 1091.9168389264785 0.313479742365 0.004481079480710388 1834.1593650275152 0.242026349102 0.0035704435238204588
10.43206582 1139.653034977638 0.308548498028 0.004394712683379489 1937.1050737852083 0.236812498315 0.003474776294436024
10.499153060000001 1189.3684370615767 0.303989776586 0.004311129224492285 2036.9553375922837 0.232429404591 0.0033919311009895947
10.558189831200002 1240.043654507379 0.299403194593 0.004231193314899824 2136.3611268369455 0.228241701719 0.003315450871986499
10.636011029599999 1288.9822670196052 0.295841899004 0.00415829068317585 2234.4079594093337 0.224829627954 0.0032447169049842346
10.6977312904 1349.4524782826668 0.290830927782 0.0040718858527270824 2335.8137727704216 0.221177823517 0.0031768875575817366
10.7628059132 1413.1621438665284 0.285943107438 0.003987735157351121 2428.4771258868464 0.218241923237 0.003120619445788497
10.854044559600002 1486.0668358303524 0.281219245929 0.0038977242426843604 2526.0762955332966 0.215803160197 0.003066232690667118
10.921802672 1553.8693890565921 0.276744818242 0.0038213412869129663 2615.879281134278 0.21339472799 0.0030194928886871667
10.999623870399999 1627.0130994035678 0.272391818292 0.0037434432572713027 2710.3451816199004 0.211140805113 0.0029724233845390513
11.0989129856 1703.2812204993 0.268637495963 0.0036672527946628656 2806.337856736358 0.209374880887 0.0029274049735538957
11.1686837152 1782.2458784380735 0.264280751564 0.0035932160999658765 2911.2629315753024 0.206863536815 0.002879391483504705
11.241808806799998 1859.4743269023961 0.260438016395 0.0035252164590208954 3018.2589818743845 0.20449781991 0.0028323257251789014
11.309566919200002 1933.5779628393964 0.256946429077 0.003464009789667012 3119.4244108914995 0.202370233796 0.002790313907890461
11.363907583600001 2002.288024370087 0.253719817073 0.0034106724413784733 3222.76296590053 0.200059224076 0.002749068803168158
11.411539524 2072.26360258852 0.250451636288 0.003357884315674776 3335.0279373632056 0.197490909606 0.0027047745349264626
11.442399654399999 2139.3068905539517 0.247169061072 0.003309115439024713 3456.3799804291125 0.194521232616 0.0026581185567616556
11.483322870799999 2211.941755457321 0.243952687405 0.003258822872892124 3580.669581505643 0.19180219255 0.002613729243083314
11.514853873600002 2283.1693263794723 0.240782506845 0.0032108400007751265 3703.987952752422 0.189103192451 0.0025709673968086623
11.549068365999997 2362.98015775901 0.237390710667 0.0031606086611137645 3831.8091424254562 0.186477773811 0.002529870210367149
11.5967003064 2441.3064295023837 0.234520060934 0.003112883551916387 3962.945405133371 0.184125434203 0.002489171076529128
11.6235352024 2530.9214080354736 0.230869726822 0.003060126409944115 4088.7754657288583 0.181692094267 0.002451729368623979
11.6644584188 2634.6052232642405 0.227084143928 0.0030020105973663338 4210.988855864253 0.17966861438 0.0024173410191690317
11.6986729112 2748.022695675023 0.223007123709 0.0029425142440303947 4330.938060454063 0.17768479663 0.0023856171519432783
11.7409378724 2877.8294855044032 0.218713382283 0.0028786869376350808 4449.907885765329 0.175928608844 0.002355825425183597
11.7758232372 3020.0431765471876 0.214142482441 0.002813088765154622 4569.6933175512295 0.174125102719 0.002326912540038493
11.806683367599998 3168.1063097761016 0.209632506868 0.0027489948181182037 4680.729068687623 0.172499857338 0.002300832728021965
11.8529735632 3313.793064649414 0.205781358414 0.0026909060033688354 4794.827500032141 0.171104738759 0.0022755749062328395
11.889871545199998 3465.2564517358637 0.201865173656 0.0026345109852846703 4916.501439374507 0.169501744195 0.002249367797950809
11.928111272 3631.58451426055 0.197827252976 0.0025760638416578246 5031.956697987728 0.168086095557 0.0022253817159339578
11.9723888504 3808.673292758987 0.19389502267 0.002519128775895753 5157.670186101812 0.166642641204 0.002200931890950318
12.0180081736 4008.5811735135076 0.189723165769 0.002458294085732558 5274.426548516603 0.165416973014 0.002178771824808064
12.056918772800001 4255.069896945646 0.184747291737 0.0023890752263835565 5391.314007889123 0.164144852809 0.002157668744069722
