0 0 0 0 0 0 0
0.28847513199999997 0.8520414551493078 0.296988570376 0.037923910540362274 0.5154205589788342 0.371067429235 0.08651666172497911
0.47833202120000007 1.6196610683922048 0.359315193951 0.0366151249128055 0.9135311824671479 0.464230980134 0.08208653810057319
0.6333035456 2.707233962145772 0.371192042495 0.03354939518443627 1.2694584044153552 0.523019906665 0.08195516910861994
0.8124264764 3.71313108693064 0.40749077836 0.032541095848580205 1.7586005601932893 0.572741467394 0.07845510499276367
0.9781319592 4.554945891944046 0.443217547671 0.031721905447859224 2.4018415885464273 0.594265161953 0.06991541429782255
1.1170025460000002 5.561998635315374 0.458972227664 0.029922328066056898 3.7025637105674902 0.554467090639 0.05551378737907992
1.2605692396000001 7.052743437365324 0.461485098049 0.027436129197055875 4.769115651315275 0.554249130642 0.050341106527261203
1.4510970012 8.847613541045163 0.4753477831 0.025625189256193358 6.978667859366537 0.53174596122 0.041571405411301075
1.6147898668 11.41570032086828 0.467279391572 0.022870905332722784 8.669215729660836 0.53260980999 0.03850020628415802
1.7872040736 13.756485857316356 0.471953106656 0.021423169544378198 9.682075510434156 0.557932003098 0.038138262879735194
1.9508969392 16.366029614694803 0.473105234355 0.020037251976793555 12.278437691985445 0.542907789551 0.0339212355600435
2.1427664456 19.283177799479255 0.47931873303 0.019151913791431135 13.881563370613339 0.561197956673 0.033192779994446954
2.3319524624000003 22.15581205165154 0.487092237211 0.01840933268438816 15.528980295838783 0.577809312136 0.03253281471707384
2.4909492212 24.230703480657432 0.497717862906 0.018300772406295563 17.326419989540906 0.584883428313 0.03152846914828128
2.6418955112 27.431177748414 0.496633092637 0.01744480021553363 20.066394269682124 0.577488619077 0.029420459410397434
2.8203475696 31.10587835708415 0.498319838132 0.0167065805848882 22.804715192194152 0.579009694406 0.027969512485426187
3.0001413728 33.681295606786456 0.509545619897 0.016553713824628336 26.98868207856727 0.567266220152 0.025776025546310092
3.1738973244 37.2026727549257 0.513214505935 0.01605708444896777 30.043154670198277 0.569283919153 0.02479789503867856
3.3697920652 41.49368077193138 0.516281575962 0.015587773870165604 34.19245962267186 0.567188727925 0.0234835832920507
3.5603198268 45.92677557908948 0.518781334057 0.015080686167306035 37.830231270993 0.570113552192 0.02264202587243017
3.7736572500000003 50.226055610157914 0.526006092097 0.014682780480588813 40.72989236105732 0.58250192316 0.022271954303519095
3.9366792432000004 55.49371167713881 0.522384873114 0.014169870607582034 44.058856471548694 0.584561619961 0.021705631990047207
4.1218400256 60.322692246295674 0.524824099346 0.013852396887693163 48.18454062271087 0.585618375563 0.020987976967196623
4.2848620188 64.91090248192928 0.526140431429 0.013583610456053772 54.74512495879221 0.57179579785 0.01963802320403293
4.4498966292 71.16728192816697 0.522125956606 0.013110529468295575 59.48937085910499 0.569962105918 0.01899975175984771
4.6511583492 77.0160084800143 0.524788941153 0.012819796174678304 65.30909220692938 0.568902055693 0.01829599297708541
4.843698728 83.4384229644615 0.525256182842 0.01252139029993911 73.42016835230397 0.559236883257 0.01727568852754915
5.0261760207999995 90.36852915120812 0.523933127877 0.012198542720309891 80.89592974790399 0.553181221587 0.01654392728802555
5.2254251236 97.72023463891102 0.523993638937 0.011887922118588384 93.2633003557498 0.536147626798 0.015313334608400085
5.3817383928 104.79410568965353 0.521313467124 0.011637735465779411 102.78273660592268 0.526304350361 0.014592235132166639
5.547443875600001 114.14955612179432 0.515102632789 0.01128425112069356 114.3442524552551 0.514670784458 0.013832177452026063
5.7258959339999995 123.32065289805973 0.511700183556 0.010961777849806027 125.00727007863111 0.508287983352 0.013261302706235538
5.9432585916 133.92892152744665 0.50982584454 0.0106225773276287 134.98912059740715 0.507848480539 0.012870514808802603
6.1156727984 143.1978672835646 0.507490294526 0.0103615841336368 146.41140233683674 0.501966304024 0.012381251649303657
6.2981500912 153.1968072374176 0.505419906306 0.010092603728003557 157.86622986891584 0.49798733056 0.011962963449135725
6.4853234908 165.04686871317793 0.501557049931 0.00980303138586318 169.94457585384552 0.494367875836 0.011581489362419773
6.695306552 177.58543410525857 0.49931141138 0.009549155698674618 182.63317595436507 0.492446361982 0.011256314367291045
6.8603411624 191.65279862621688 0.492637554074 0.009263670020816501 197.9800270880769 0.484791860772 0.010831847850440668
7.0079330904 204.68278156578404 0.487078387388 0.009041874996843087 214.29973835627763 0.476143092425 0.010417861385817092
7.187056021200001 219.59432704587937 0.482388453693 0.008809618719949782 232.51327455473958 0.468934825109 0.010007538309127042
7.3420275456 234.8962954342595 0.476583178849 0.008579909328682753 250.8801489169222 0.461301581221 0.009645528803472287
7.4889486012 250.63872821834664 0.470711957964 0.008362864687613207 272.44053039933993 0.451661731596 0.009249778525306082
7.6305026776 267.5867506798979 0.464275886602 0.008147811046508328 299.72910919521144 0.43889578824 0.008796460303121234
7.7760819884000005 287.05729701520045 0.456912706182 0.007937304998061041 328.24394862880615 0.42752460094 0.008407905841680498
7.9008642548 308.3846929460211 0.448011722521 0.007707640025070789 357.5422518014054 0.41631597842 0.008053477071413033
8.0343678624 330.40475721486325 0.440232959151 0.007503181189535526 382.46712959868273 0.409397016667 0.0077968299019797295
8.1900102592 355.90737231513395 0.432476928798 0.007268549744412779 416.8714764866517 0.399825532515 0.007471768975949047
8.3771836588 382.8598069576526 0.426585221223 0.007051742349557594 446.42903267618925 0.395250101553 0.0072482536718864055
8.5220920972 407.5677877601378 0.420671650228 0.006871680234532222 473.3864186283031 0.390519763187 0.007058775759524602
8.703898517599999 437.28422742190844 0.414859121808 0.006672513190344114 504.6810886333926 0.386335027459 0.006863190420494309
8.8682622556 466.8033024032796 0.409171222437 0.006495780430043339 540.3374704798026 0.380473538492 0.006650589297863065
9.0312842488 497.09514956153936 0.403852324686 0.00633360587953012 576.732274436052 0.375089396923 0.006457661926687993
9.1533830256 533.1271987496931 0.395303369692 0.006145072948049888 616.4143927076099 0.367769488318 0.00625450995796673
9.292924484799999 566.4166022738626 0.389406608881 0.005990656784024153 661.7694556814243 0.360402122406 0.00604271985254808
9.4217319856 600.2289497372519 0.383567670708 0.005845674400023371 712.5579311774602 0.352182503972 0.005823129511909537
9.5290715696 637.4397998896924 0.376490748594 0.005696499388272583 773.0276759211627 0.342030201712 0.005587007404442273
9.6417781328 671.0107482203254 0.371327638014 0.005576458349182517 832.070896078635 0.333611830921 0.005384134991471598
9.7739399956 711.3108811390265 0.365636781911 0.005442747259492424 902.1060793574993 0.324832479643 0.0051724760039765175
9.870545621199998 749.234640129411 0.359817943612 0.005322526501616137 975.9564994722233 0.31542515852 0.004967015518713682
9.969163864 788.9728715113474 0.354174206809 0.005204915112641364 1052.3941388013343 0.306821657484 0.0047824483449597005
10.0557064036 831.1840633208549 0.348090206455 0.005088766909515287 1127.2747988455835 0.299056963339 0.004620462976830472
10.153653773999999 878.6184953069439 0.341891972765 0.004966265338668043 1209.4672528031138 0.291554215908 0.004463291258983894
10.2562972512 926.1004533027033 0.336405338345 0.004852081757249618 1290.9821822898416 0.285073563549 0.004320290695992561
10.356257238800001 976.4580018252387 0.330834704482 0.004737896444680193 1372.1085843079727 0.279231003721 0.004192132820166444
10.4293823304 1029.717749251519 0.324465730591 0.004627976299441078 1459.7870386476682 0.272645247017 0.004067620572187262
10.5165957424 1083.5466224971415 0.318970939137 0.004522196058008958 1540.0511569456128 0.267679090146 0.003962689686330796
10.615213985199999 1143.5554594364255 0.313422598378 0.00441365074387883 1620.3276936299308 0.263423284693 0.0038689819155520127
10.7084652488 1203.2324473021893 0.308255036632 0.00431717165737807 1700.2580834246476 0.25942682875 0.003783287787246506
10.8137922156 1269.3859606185438 0.303086294984 0.004215606681281678 1788.0798652024532 0.255474581148 0.0036958277380191684
10.891613414 1333.2565725656755 0.29788295264 0.00412430997159563 1883.6762243315395 0.250709835318 0.0036050321306335584
10.972118102000001 1398.2446096540298 0.293043698493 0.004038357640679886 1979.9372510605237 0.246356701822 0.003521132178126907
11.059331513999998 1458.8522814883074 0.289185077412 0.003961157460407615 2079.2777829280553 0.242319470204 0.0034384008731523506
11.126418754000001 1520.178100932502 0.285022847562 0.0038869184900093418 2184.602137711172 0.237848926993 0.003355580760362571
11.175392439200001 1586.829684144985 0.28021350184 0.0038119645022169834 2295.251671894404 0.233075043111 0.0032754744568871622
11.2196700176 1649.2509768894029 0.275959539982 0.0037442215134025772 2410.096757815117 0.228363350468 0.003196379822353438
11.2693145752 1709.1682765234125 0.272288240773 0.003684762124913486 2525.945264995518 0.224059356728 0.0031237395164457078
11.334389197999998 1774.6746279871786 0.268767928631 0.0036222035084582313 2640.175506683542 0.220430367773 0.003057638901536034
11.377995904 1844.762313780418 0.264636682692 0.0035578417934090984 2754.5393484868605 0.216642025894 0.0029948580719814507
11.426298716799998 1923.5132747884904 0.260272841372 0.003489792044663059 2868.3078319269766 0.213208606178 0.0029368485674106538
11.485335487999999 2003.444219404834 0.256354470272 0.003424283518479886 2985.271380734324 0.210074652541 0.002880646120101361
11.531625683600002 2088.648386195219 0.252091947062 0.0033583126016256655 3104.665404139552 0.206830517517 0.002826409763785908
11.5805993688 2177.4890225633762 0.247952663327 0.0032933046532750048 3216.612978542018 0.204066328153 0.002778454886769492
11.6081051372 2271.5440367969513 0.243350078426 0.0032288306810915406 3333.1155700504364 0.20094830887 0.002731080763176229
11.636281777999999 2376.583702468446 0.238497509682 0.0031597146354953435 3452.5052362764523 0.197926239416 0.002684518085994456
11.6684836532 2474.4911523777364 0.234385469655 0.0031005745840713235 3571.0768917569562 0.19515449967 0.0026412377000698253
11.695318549199998 2583.1408294922467 0.22993802207 0.003038022753277365 3696.1349479950277 0.192269038427 0.0025974876136231166
11.747646596400001 2683.232653224642 0.226623669302 0.002984296446633592 3817.9928474220837 0.190025039451 0.002557445374544902
11.787228068 2792.494930773977 0.222900165005 0.0029283190701596944 3936.4235807986706 0.187777800778 0.00251993500871554
11.825467794799998 2913.8217946941368 0.218924050822 0.0028697917098103815 4066.536580524907 0.185351328874 0.0024806654752678515
11.8596822872 3033.688533156352 0.215181515147 0.0028153193376110994 4186.126198953282 0.183215420472 0.0024464106092371373
11.889871545199998 3165.6915539031424 0.211189025348 0.0027582382673362366 4307.6130669412605 0.181075300025 0.0024125550530891657
11.920731675599999 3301.5405427533155 0.207340222872 0.002703183560400771 4434.689115402174 0.178927431649 0.0023788323494778117
11.9589714024 3427.0516716859283 0.204164961012 0.0026552513158639547 4567.216048001057 0.176879982134 0.002344619009896762
11.981110191599997 3544.6560188969484 0.201124803679 0.0026127896872331115 4706.773922475139 0.174562639283 0.002310183024792983
11.999894618799999 3670.7792636637273 0.197952929981 0.0025687407968959103 4841.851537724701 0.172382214443 0.0022776354385954994
12.015995556399998 3802.2848202209484 0.194764111309 0.002524979719488131 4977.453160178647 0.170247824598 0.0022464087895560036
12.035450855999999 3972.236141448861 0.190864757468 0.0024715143123588733 5110.013644837016 0.168298787712 0.0022172644875225493
12.0481974316 4116.893191378802 0.18768330952 0.0024283729660386283 5253.187414062419 0.166166987175 0.0021864809510633945
12.056918772800001 4255.272701561273 0.184742893345 0.0023890172506417654 5391.47710920535 0.164142371809 0.0021576347304659905
