0.1549715244 0.42692209003375886 0.224645675895 0.0333333296877782 0.5565688640082502 0.199058596989 0.051930656616032994
0.29384211120000003 1.312468091140838 0.247714729884 0.029480939590948503 0.9445035683678549 0.288413850424 0.056134964238875026
0.4743067868 2.4491690873367835 0.294006608641 0.026321438297022222 1.1421444403814573 0.41743992341 0.07158478867043835
0.6245822044 3.272436505117429 0.335074250731 0.02759761444037031 2.1937922717918394 0.403735677469 0.05230399361778057
0.8016925180000001 4.070333786083345 0.385290412838 0.027984982370938032 2.913603423115 0.45027999598 0.0510036975763917
0.9566640424000001 5.424974756652365 0.399471291326 0.02610291809953167 3.390896600449757 0.497582357223 0.05246556334226404
1.1351161008000001 7.165519861335328 0.413533626778 0.024010085415342088 4.121307400474648 0.536038732234 0.051492163655927806
1.3135681592 9.142601659168854 0.424602506789 0.022399907343470797 5.38101969556512 0.545296137111 0.04717702232345791
1.4906784728 10.891735557818183 0.441928189006 0.021650154475410844 6.563492708986423 0.561687516794 0.04454745566154734
1.6724848932 12.336606413532703 0.465979129438 0.021690876128029234 7.8268759946147455 0.578224005562 0.042596907977888905
1.8757592304 14.320515670009705 0.485405963013 0.02096649778118462 10.105664524286652 0.573086006088 0.038062027151689846
2.0347559892000002 16.53635058626943 0.490602731528 0.020025102397297503 11.788564403876903 0.576699775063 0.035985837916378265
2.1803353000000003 19.37745743592865 0.486429056851 0.01912580705949597 13.192277554660096 0.584802142216 0.03520216271627501
2.344699038 21.116181683124786 0.501214788472 0.01895298206600885 14.573230671638498 0.598744169344 0.03444857140148048
2.5097336484 24.05294277090798 0.503199853184 0.018175286283950702 15.607866980175974 0.619289848125 0.03452576601741589
2.6922109412 25.854195727036885 0.520660793734 0.018174603968649287 18.603549287106052 0.609968355226 0.03165120128311911
2.8753591064 29.52651030554806 0.520901160363 0.01738883364287646 21.47121648842881 0.60740148504 0.029790338691000354
3.0645451232000003 32.93760458139845 0.525999040383 0.016914554877578886 24.119300425668346 0.611438731894 0.0285471249797122
3.2389719472 36.931194093983244 0.52546047404 0.016293545764445187 26.829677740837578 0.613327770605 0.02750095116753062
3.4093735368 40.496764497798544 0.528487410186 0.015823051625115478 29.599698956278825 0.615171530619 0.02648247394803161
3.592521702 45.0879833293367 0.528139845139 0.015251114845210424 32.89649807155325 0.615449754124 0.025431519392396042
3.7474932264 48.69071614869675 0.530376652248 0.014990202848605019 36.75541869583928 0.608049230029 0.024103428390636093
3.9199074331999997 52.78501715035531 0.533056766991 0.014614972151576217 42.244915919960704 0.594115157763 0.022373045912271062
4.109764322399999 58.320320901698864 0.532012624499 0.01410593014780038 45.613220810133825 0.599704337941 0.021891697623957315
4.3157221492 63.49167773128661 0.535652062027 0.013749407228469695 51.10892549275815 0.595467397246 0.020855011274603496
4.5028955488 69.58500061223675 0.534131211045 0.013313792073066523 56.71574365187621 0.590254790481 0.01986801136236505
4.711536865199999 75.58227880758639 0.536452671579 0.012962707095992268 61.11438268511056 0.59518044173 0.019391274145326036
4.878584092800001 81.00762751505414 0.536730911108 0.01273432115673798 66.63668781479309 0.590557985068 0.018664859435569597
5.078504068 87.72154276965419 0.537119304226 0.012415542790723638 74.179998472222 0.583104301009 0.017755804199844853
5.2616522331999995 95.37883028405491 0.533917962513 0.012060824330056357 81.76728103385429 0.575799605923 0.016947838871291927
5.4347373124 102.81026435348481 0.5313732775 0.01170971972841599 88.06111294293777 0.573335003981 0.016386098511487934
5.605809774399999 112.16533049656664 0.524989083767 0.011331558282303629 95.74901902320167 0.567431885504 0.015779315000784656
5.799691898 121.13987840570549 0.5228173173 0.011036663662450747 103.23772169620715 0.565579223518 0.015311809948648432
5.9660682532 130.06519968359254 0.519202888811 0.010749750531462581 110.3660280824341 0.562893645518 0.014883725755088123
6.1646464835999994 140.35035240663686 0.516615796057 0.01049929881153608 120.32967575427297 0.557282334211 0.014305344320740945
6.3108966668 150.88159304958234 0.510254382638 0.010226324868253278 130.0329027173517 0.549043761915 0.013777165499674216
6.4786147668 162.02535147223335 0.505631650994 0.009963363737591692 143.07173177512033 0.53762066964 0.013120065487720307
6.6329154188 173.0152888679519 0.501097301468 0.009718612494022233 154.12022986427965 0.530521787728 0.01265151898749721
6.8066713704 186.21037049250506 0.495813854304 0.00944728362907786 171.0511491645476 0.517045669342 0.011976123347531807
6.9790855772 200.09309085062353 0.490553837198 0.009191729103152566 187.54532729317876 0.506506050908 0.011425547424974003
7.1320444844 216.67902400125845 0.481891018088 0.008899898955762934 204.2659217435916 0.496155393322 0.010944896669061838
7.2595102404 231.88380291867526 0.474274023841 0.008663914250758877 222.27521424941463 0.484309634044 0.010470069428940567
7.4453418951999994 250.26435491107515 0.468330898792 0.00840145248752562 242.55414221611358 0.475642726996 0.010033490642580363
7.621110464 270.1910445835261 0.461487624772 0.008173882595759008 264.1340838079221 0.466699531904 0.009614353947325825
7.7848033296 290.18331678697274 0.454974166984 0.007942914878352926 289.3256796756149 0.455642066268 0.009168909232186417
7.9860650496000005 312.381297095112 0.449940858524 0.0077056280238934766 313.0293120373191 0.44947879508 0.00883487520980934
8.1168851676 335.9347117592043 0.441089749299 0.007471926434483748 345.60350596808564 0.434924127901 0.00837982809761482
8.2812489056 360.56955189357325 0.434461679044 0.007262303814742272 373.82430476045556 0.426746833534 0.008067245581729504
8.4355495576 389.441872559494 0.425927231935 0.007025186751694707 410.3846497293216 0.414992338429 0.007689613874099914
8.5858249752 419.28075371493367 0.417885564051 0.006804197111238722 445.6719055776863 0.405404746907 0.007375007619949332
8.7367712652 446.53829566005277 0.412111328646 0.006630703778311502 485.1347972882003 0.395479498402 0.0070605457576370925
8.890401044799999 475.66614690031656 0.406373820054 0.006459912361282046 528.7625448270464 0.385550050418 0.00676150185179399
9.0373221004 507.9549082616574 0.399803831267 0.006282811694804402 574.1237472647459 0.376186806425 0.006489006122057474
9.1681422184 540.8638729151356 0.393112885273 0.006120355470315816 622.1470221708641 0.366668312584 0.006229322558861336
9.281519653999998 572.4851851231764 0.386874174214 0.00596871054926787 677.1361134089486 0.355871701435 0.005958422303577613
9.3962388344 607.2983765380912 0.380310926356 0.005817353803928814 734.3411134126828 0.346005405023 0.005713293078658128
9.5183376112 647.1003084382204 0.373263732397 0.005658842970129277 791.3908089000591 0.337674685378 0.00550502373179122
9.6149432368 688.6301053270671 0.365550816872 0.005504704165998821 861.2257219787928 0.327026633046 0.005270055758803763
9.722282820799999 729.1654948973595 0.35924799253 0.005371041228155324 938.4585925444804 0.316820590077 0.005044617452535068
9.823584553200002 775.1824442062534 0.352090736579 0.005226260014783359 1013.3086406339696 0.308105644824 0.004853065318817267
9.8967096448 822.1341171541382 0.344470187307 0.005089651700514175 1086.8864321652445 0.29973789564 0.004684893775882098
10.006061846 873.3262144282843 0.337947134265 0.004956367884298692 1164.0993556997198 0.292851712091 0.004529829186738876
10.1093761956 920.346035216726 0.33262631798 0.00484652756622339 1242.9563131035575 0.286357989798 0.0043873062985654255
10.2093361832 972.1701640244928 0.326865343907 0.004730571521717737 1324.7400128715692 0.280140421518 0.0042526751920938
10.2992330848 1020.2144213905824 0.321907349052 0.004630858956559259 1413.796058487383 0.273580719433 0.004117885259835444
10.3730290488 1070.8304000695373 0.316480050818 0.004533393522247205 1510.2169658645396 0.266618261579 0.003984220654871057
10.4474958852 1120.0785020748976 0.311684296886 0.004441552466389437 1612.9837491382561 0.259853991276 0.0038528461787994427
10.49915306 1166.536709149231 0.306941453842 0.004361944285693522 1722.722569852995 0.252700646603 0.0037256135918077955
10.5454432556 1206.7637538623362 0.303125884175 0.004294595887267892 1837.0048117925026 0.245807409034 0.003604172066730958
10.5957586856 1257.4656826040407 0.298384170167 0.004214375678058536 1951.1763420731966 0.239657728546 0.003495641747753421
10.6615041808 1303.5580795428875 0.294891935987 0.004146351719122041 2063.79488306602 0.23448330817 0.003398157232682864
10.7084652488 1352.814723818377 0.290761311905 0.00407610247303354 2177.729841910222 0.229281961886 0.0033076446346031766
10.756097189199998 1404.1899880909489 0.286674287931 0.004006389444131834 2295.9949318739564 0.224300732566 0.0032205400006852566
10.803729129599999 1460.6573156972916 0.282335479917 0.003934158046273711 2411.0323243053595 0.219861056997 0.0031437494228713303
10.8620950284 1522.6313834588364 0.278036026814 0.003857610669563181 2517.06805997533 0.216348659959 0.0030778253982468766
10.945954078400002 1598.0815810074494 0.273501365054 0.003772947928024408 2612.915083288362 0.213987386165 0.0030261601088673097
10.998952998 1678.9918932932628 0.268135246926 0.0036880051406185488 2713.702783008044 0.210997460045 0.002974044588788458
11.0801285584 1757.1313412928303 0.264050633438 0.003612537029880346 2812.966340758075 0.208774664583 0.0029259885504128464
11.1344692228 1827.5864343304327 0.260189917389 0.0035489263169348004 2917.866750846013 0.205997018019 0.0028765817650192676
11.201556462800001 1893.0024882168134 0.257202573791 0.003493402645831053 3026.451330792384 0.203490412423 0.0028277560650593865
11.259922361600001 1969.162516980171 0.253502070343 0.0034309121551553247 3129.3662814276468 0.201162519229 0.00278446680137579
11.3162756432 2037.4176985147255 0.250473736387 0.0033783032912920903 3241.9128661446775 0.198632579583 0.002738399003268453
11.3672619456 2102.443719352028 0.247686897091 0.003330778824136994 3369.777004849134 0.19570926836 0.0026880754729726435
11.4034890552 2160.203154757205 0.245137088321 0.0032897425981748907 3488.769441841676 0.192959107361 0.002642980413665075
11.442399654399999 2212.6516593596043 0.243045126592 0.003254586223078096 3616.8330736822704 0.190162171555 0.0025971818312306182
11.480639381199998 2275.9063236624957 0.24044977164 0.0032130915797949798 3747.7790199681676 0.187437974863 0.0025530410211888352
11.508145149599997 2335.9423609580876 0.237913046379 0.0031746746821674442 3875.5641878639026 0.184766462116 0.0025115201589843554
11.5363217904 2405.000048082894 0.235051575344 0.0031316031440875194 4006.859767809878 0.182161708291 0.0024707515013389462
11.5678527932 2478.562710858297 0.232175025249 0.0030878276037226895 4135.124892218978 0.179806811341 0.0024331032498883434
11.6087760096 2553.6195687728386 0.229551311902 0.003044667351679326 4267.872110249123 0.177616794685 0.002395856530098155
11.642990502 2628.0564424612667 0.226948333555 0.003003582347978356 4398.134768716968 0.175484527525 0.0023608135404048674
11.669154525599998 2723.0181321425707 0.223462359759 0.0029533150791565244 4529.014132763501 0.173321012429 0.002327393654995186
11.694647676799999 2820.0742876690015 0.220068111856 0.002904462719869798 4656.1438299591155 0.17131378117 0.002296640941636856
11.732216531199999 2940.213535263296 0.216223151123 0.0028472766790577923 4769.072876583281 0.169818566637 0.0022711300713979684
11.770456258 3093.285130249886 0.211498963093 0.0027785306615618214 4874.888437382892 0.168514132761 0.0022485163273797347
11.8301639016 3292.51878923352 0.206047271705 0.0026965207059543254 4988.739118225275 0.167426367428 0.0022257695983485073
11.8757832248 3518.594365862324 0.200093800443 0.00261290468705875 5096.9390066047035 0.166279620373 0.0022061052649632066
11.932807378799998 3755.198327660577 0.194624014332 0.0025335664212742495 5194.574831525682 0.165501326652 0.002189423965831648
11.978426702000002 4002.9799735258675 0.18923074153 0.002458561684817914 5296.411298824726 0.164530095715 0.002172508599666042
12.056918772800001 4255.246303601059 0.18474346584 0.002389025267395342 5391.47710920535 0.164142371809 0.0021576347304659905
