0 0 0 0 0 0 0
0 0 0 0 0 0 0
0.5112047688 1.439684941584079 0.403967772176 0.04019160327777062 0.7338391981061914 0.542163325888 0.10697306737408606
0.6789228688 2.056714409667749 0.450400706169 0.042554630208816224 1.211534226205107 0.569561859777 0.09215989042164127
0.8580457996000002 2.5816936631148106 0.507912875772 0.043763192824017534 1.543536334158167 0.638087009531 0.09232458890881547
1.0177134308000002 3.410972244551892 0.526575154283 0.041399646198708555 2.7304647048963915 0.582584222162 0.06711127609901638
1.2001907236 5.022689185592409 0.516079635768 0.03535559668728777 3.459080504457895 0.612539470991 0.06310162351916485
1.3625418444 6.8019329566910525 0.506307118897 0.03129228091825299 4.210062879284005 0.632349440511 0.05971556866010997
1.5275764548 8.053833942296516 0.522474771438 0.029927023004207975 4.815079176515878 0.663492244615 0.05880600246334073
1.690598448 9.52961825916904 0.532548215029 0.028209447031216743 5.232189062993266 0.703852588937 0.05949967797587763
1.8898475507999999 10.86643211055613 0.55778383976 0.02789335186792872 6.1177862045242355 0.729064425929 0.05727623551203865
2.0508569268 12.76233752524015 0.559648205208 0.0264053682915182 7.473416716156331 0.71930143033 0.05214964024261341
2.2192458992 15.11182146391348 0.557701474204 0.02474662575213086 9.550741518840217 0.692683618478 0.045919275246994115
2.4265454708 17.87641606449596 0.561615498808 0.023270631336459142 12.252516575976752 0.67205008611 0.04046992840863774
2.5808461227999997 20.511296217267112 0.55849227321 0.02200637523913888 13.774559968599236 0.675204936773 0.03890727458659068
2.757285564 22.51068929767527 0.569852276863 0.021461577697404522 15.785044277772519 0.675137226872 0.036615507222115984
2.9189658124 25.70205125092908 0.565352077959 0.02024747756030934 17.512230539106937 0.679378714829 0.03531797721669942
3.1101644464 28.18992467926364 0.575477957687 0.019886617962728875 19.521820462163817 0.686370110401 0.03404151540417089
3.3060591872 31.794370093805373 0.576576373751 0.019087837967668348 23.54921934448008 0.6662001796 0.030831844448585468
3.4804860112000005 35.23797805217651 0.577044492884 0.01836320637098842 26.094778062418932 0.6669771917 0.02962720708736967
3.6656467936 39.58293440987336 0.57397261252 0.017547881750567946 30.41223458205811 0.651977279 0.027420813804032287
3.8172639559999997 44.004353123044815 0.567413024691 0.016819284715242036 34.598105281124624 0.6375557305 0.02562477326533315
3.995045142 49.82154998920961 0.558673428536 0.015927663079003156 39.37404214193306 0.626337978131 0.023999511776726785
4.1681302212 55.42614366570577 0.553059826379 0.01524500297563556 44.6141619056755 0.614672211238 0.022505878278508678
4.3579871104 60.76125780244125 0.552587210214 0.014727464751469212 50.31796141169281 0.605799387201 0.0211860748080043
4.5176547415999995 65.45842681587045 0.55213562615 0.014378806702494971 58.255713648565354 0.584480758903 0.01946529078261524
4.706169886 70.44926417599721 0.554623413101 0.014057397465190495 65.248903369702 0.575812902808 0.018418827746950736
4.8752297308 77.37007595355692 0.548580609717 0.013523384566740166 72.34220546000633 0.566927110409 0.017500756997381614
5.078504068 85.00469032081642 0.545473354049 0.013001718901841132 79.60730243175777 0.563296257029 0.016775995688367407
5.270373574400001 92.09108958106647 0.544085233213 0.01260963473359222 88.44551343556422 0.554975052425 0.015904260618202923
5.424003354 99.92701186175996 0.53779750664 0.012201910561502875 96.28325055675685 0.547698355545 0.015259103788160469
5.605138902 109.36327344832631 0.531499205226 0.01174092987244513 105.92378005556792 0.539914754018 0.01459234176238559
5.7949957912 118.78515793621033 0.52746889604 0.011370756302196432 115.95079032699076 0.533774113024 0.013992737982768398
5.9747895944 128.2263636662129 0.523615409929 0.01105347758899683 126.22160970004947 0.527694145997 0.013479367647184236
6.1384824600000005 139.25334965065517 0.516432221404 0.010742394948255955 138.25252229730958 0.518271330813 0.012883543387801106
6.286074388 148.85900337054017 0.511655315533 0.01045567902113267 149.11600870583695 0.511220231971 0.012415407203583051
6.4578177224 159.1330192180101 0.508519008832 0.010204323847974787 161.95718230508655 0.504123711889 0.011936885657000414
6.6309028016 169.5809351152369 0.505929546513 0.009967836261511757 173.72008048469175 0.499941620526 0.011568337012572337
6.799291774 182.51909048940618 0.500202622289 0.009709225274814116 192.21253993893234 0.487575678214 0.01096328011913305
6.9529215535999995 196.5450201887645 0.493066375445 0.009420055619013601 212.14910618465595 0.474788261909 0.010420578582568051
7.130702739599999 212.7505871069973 0.486180545235 0.009128378684937639 231.08271408947016 0.466699847961 0.010003119592904572
7.3178761392 229.28320514018708 0.480742963568 0.008840266366623677 254.02624209578855 0.456962261457 0.009538321536777718
7.5285300728 246.9127922132181 0.476709158263 0.008572104074593408 277.7016288554973 0.449755175497 0.00914700001479166
7.7203995791999995 264.83202296912856 0.472133304867 0.008335185350718583 303.76935040658077 0.441106608682 0.008753315750592206
7.84920708 282.9114067624568 0.464526681868 0.008103596836434274 329.80007857043756 0.430517905273 0.00839719323505754
7.9974698804 305.47876631632977 0.455599709209 0.00784517314181583 357.40993888883327 0.421465084996 0.008073793597446446
8.127619126 325.39938516515593 0.448706045396 0.007648531654581743 391.3622446141233 0.409431238353 0.007705709442444385
8.296008098400002 347.94046027608255 0.443000712811 0.00744077466206778 424.24897713751943 0.40146944061 0.007412430726737059
8.4342078128 369.79979983530666 0.43694070628 0.007257097501353539 459.5357280607557 0.39225114415 0.007128059339998251
8.5623444412 393.276470245272 0.430208638818 0.007064173636346929 506.7112864495921 0.379311602173 0.006766718062856146
8.707923752 418.4210098015022 0.424240218119 0.006881682031802869 551.6640162979061 0.369777692936 0.0064851193669476365
8.8568574248 444.6005111873439 0.418660731543 0.006701226932717729 598.5425021371944 0.361132296724 0.0062237318043178716
8.9802979464 474.6653125189685 0.410899991912 0.006512155972581267 649.6998239770277 0.351510629621 0.005973966891781598
9.097029744 505.06652307531493 0.403579743277 0.006338021890684026 700.6940470511734 0.342925442982 0.005751502802297072
9.2392546928 535.8931465915887 0.397976118943 0.006178270918982867 757.58825017566 0.334997173173 0.0055356276368199895
9.3680621936 570.2333525908462 0.391237777359 0.006013064699660685 812.6383597798147 0.327997000347 0.005351370566711003
9.476072649999999 610.9395115496334 0.382395114679 0.00582947723260612 877.2784575279529 0.319360057558 0.005152607242178285
9.583412233999999 647.7756515625734 0.375614415372 0.005681107726944944 935.1153984773723 0.312858734645 0.004998065476007958
9.693435307599998 688.4059356058079 0.368587792104 0.005530793873709286 998.0713116217877 0.306334707275 0.004845891601259447
9.8323058944 730.9508874374659 0.362862404739 0.0053930106509481645 1063.7933481300754 0.300995352525 0.004706328634448316
9.9336076268 773.9348764782902 0.356311384594 0.005259548019318482 1125.16715126858 0.295706804897 0.004584424972209332
10.038934593599999 814.0826021957266 0.351127175988 0.0051435511533516375 1190.4183736625782 0.290555508424 0.004463041828295269
10.1187684092 861.2427957087655 0.344126203026 0.0050171172782937515 1261.278408862159 0.284539801944 0.004342012719501723
10.2113488004 903.9676119852629 0.338994064964 0.00491458314482374 1335.9648071753675 0.279018986359 0.004225107451961665
10.3193592568 947.686215367766 0.334607077637 0.004817380331135508 1419.3554708710951 0.273578624553 0.0041060376651265605
10.3844338796 990.7624356792567 0.329338146702 0.0047231934716041165 1507.1005790084196 0.267186252806 0.003986461306537559
10.4508502472 1032.3566394050774 0.324718071076 0.004638049245039736 1607.4526225416605 0.260383197754 0.003859378470211806
10.5333675524 1075.5352045354305 0.320662623522 0.004554496443608638 1707.337703712745 0.254660670144 0.0037459532136141587
10.6071635164 1119.1096392317327 0.316576772029 0.004475733349750479 1808.0183580461373 0.249214912172 0.0036416330183054713
10.66687116 1164.161832742303 0.312154189883 0.0043945191937877865 1918.5368735068464 0.243304577083 0.0035341343499316236
10.7359710172 1208.0994426299878 0.308424342239 0.004321611386978032 2023.7962470262055 0.238437541562 0.0034417905233521413
10.7936660436 1254.6800160156486 0.304285724711 0.0042462726271683205 2133.5867280961306 0.233479236574 0.0033517013578694068
10.8459940908 1303.0108458737966 0.300050611677 0.0041743056447526225 2246.1156439960905 0.228667450525 0.003268325014037397
10.894296903599999 1353.1306552326369 0.295765922603 0.004102459562945124 2359.897754747299 0.224088194905 0.003189212658042041
10.947295823200001 1404.1748128056063 0.291765148551 0.004034439249066557 2473.932106908461 0.219934388664 0.0031164703076847103
10.999623870400002 1458.83877689991 0.287627091397 0.003964426310269221 2589.3438833453038 0.21601102634 0.0030477078554427724
11.060002386399999 1520.4024249244535 0.283302676732 0.0038880925429958147 2701.216208929249 0.212656951769 0.0029854312154943196
11.10293822 1588.7817894544635 0.278228194973 0.0038097114517711868 2811.212223165721 0.209269341085 0.0029295136640798635
11.159291501599998 1658.9068028252166 0.273677949596 0.0037341887503957566 2912.37927380722 0.206650121093 0.0028813955488169846
11.231074848399999 1735.6266773954483 0.269293450108 0.003657480688809077 3018.157274875684 0.204306119151 0.002835120255598879
11.2827320232 1818.4454180684018 0.264311439582 0.0035787605298601586 3126.120191656321 0.201674277635 0.0027892892229541295
11.341097922 1903.0128406909444 0.259719003985 0.0035044376510896926 3230.2844970695432 0.199425589996 0.002748020859448562
11.4041599276 1995.4302460736503 0.25505399705 0.0034303885809425284 3338.724899241527 0.197254093114 0.0027085432714295476
11.4638675712 2081.611407536477 0.251034514077 0.0033639691079766667 3453.7634059430125 0.194959714188 0.0026666128878332107
11.5208917252 2168.7676397840414 0.247169997502 0.003300122565639398 3572.0968434869824 0.192659878589 0.0026245125357821047
11.559131451999999 2250.0598715806314 0.243476445906 0.0032433485759144876 3688.3926185531923 0.190230446088 0.0025842034345022495
11.615484733599999 2326.6659964297955 0.240607721166 0.0031931831697095407 3811.3688341725583 0.18805136106 0.002544085648075071
11.638294395199999 2402.101165353738 0.237270398917 0.003144968903965602 3943.374498877189 0.185243044704 0.0025014359377602893
11.6745215048 2481.032809145678 0.234197779267 0.0030970920301558024 4069.3973353369965 0.182922271081 0.002463309475992257
11.700014656 2557.527708180855 0.231177522589 0.003052936624019355 4196.51428479531 0.180526281122 0.002426300692587327
11.7154447212 2632.985635236085 0.228146045799 0.0030110097197296984 4324.595754741648 0.178069734548 0.0023906226723403377
11.730874786400001 2720.1943090483073 0.224759849683 0.002964189515464222 4458.808787616752 0.175602505345 0.0023545340193582994
11.763076661600001 2819.4066098410153 0.221381077609 0.00291367846383044 4586.18780080873 0.173623903267 0.0023225312989168163
11.8019872608 2945.721315128234 0.217304990576 0.0028532147870650587 4711.488478873954 0.171867956208 0.0022929817717259686
11.8368726256 3109.4000756969585 0.212140444879 0.002779527077296473 4830.123289221202 0.170247454798 0.002266412293434037
11.867732755999999 3289.5085310965405 0.206795662455 0.002704802431967862 4947.337727974315 0.16865859797 0.002241333765726839
11.9126812068 3498.3598500426133 0.201294116407 0.002625908015849495 5059.485797861988 0.167411788745 0.0022191987126383766
11.955617040399998 3716.22071831472 0.196014694447 0.002550754181936693 5172.527927326391 0.166170298347 0.002197352648332358
12.013312066800001 3977.792360831461 0.190380876533 0.0024677756169051344 5276.404111357922 0.165321393935 0.0021780728117092776
12.056918772800001 4255.437841293596 0.18473931205 0.0023889705158853117 5391.314007889123 0.164144852809 0.002157668744069722
