0.1992491028 0.44255006986991774 0.28043416236 0.04462967493509268 0.5341643131931498 0.257865818718 0.06300347406693067
0.37501767160000005 0.8929531295053885 0.373047879561 0.04335414098085379 1.1748938073704724 0.329663122404 0.055393236764419096
0.563532816 1.5717509249051975 0.425999958064 0.03874357719700779 1.795880059349932 0.400980130856 0.055946486801960287
0.7379596400000001 2.143903164749558 0.478582873666 0.03885345507066438 2.339758340624523 0.459931069948 0.05611210799443594
0.8768302268 3.559200906328094 0.447415775472 0.02975175071506174 2.871850896138749 0.493955265905 0.05474703097633969
1.009662962 4.994475198656847 0.43771781817 0.025899948648259948 4.292582352162525 0.469879317987 0.04492009985487474
1.1733558276 6.4451410805318705 0.449126585121 0.024142668635767323 5.96117415259952 0.465980078498 0.03940641014671508
1.3766301648 7.98631477072307 0.474053077104 0.023763573760165475 7.17201944646894 0.498785655728 0.03832934603626734
1.5181842412 10.315973811964957 0.461746334252 0.0217828148558346 8.14085518154146 0.516723447912 0.03778815966144538
1.673826638 11.772775267222434 0.476908415078 0.02156080561307179 9.273379523844513 0.534253387316 0.03682663367166423
1.8361777588 13.812463570541563 0.483678163763 0.020553141928495895 10.0779211664523 0.562050180677 0.037236736213902985
2.0327433719999997 16.311775320554762 0.493360398389 0.019770172221909244 10.989171778036003 0.59561603661 0.03788066167478403
2.2058284512000004 18.58796988512048 0.501980344902 0.019066035428984118 12.586716091874866 0.604799597753 0.03623729256170079
2.4272163432 20.47058228164154 0.52635769509 0.018873944772748865 14.231027590174286 0.626312940071 0.035390791295230616
2.63317417 23.510789890654063 0.533366434412 0.018033924842343303 16.13181535139779 0.638876826703 0.034104520257652135
2.8015631424 26.175214144941837 0.538233002401 0.017619939730259274 17.826615027336043 0.647206453846 0.033148030774034415
2.9598890288 29.60531515553311 0.535283022256 0.017282828670699715 20.103796964602182 0.644861399446 0.031529887737854694
3.1255945116 33.344174707277816 0.533138575327 0.01662712487667866 22.06294141240619 0.650576943863 0.0306845366633931
3.3235018696000003 37.23675196754201 0.536826013241 0.01594489321065533 25.297660947368698 0.647048719842 0.02884845799329341
3.4959160764 40.843059185689135 0.539480549274 0.015581397985153709 27.366358115431943 0.65475056548 0.02826604480785058
3.6609506868 46.09913318363493 0.532286611966 0.014891424758846096 30.61947873142839 0.649031837571 0.026876304958710975
3.8508075760000002 50.59633032008492 0.534709572398 0.014523830456242396 34.05946073337412 0.647949303967 0.02578199882153856
4.0158421864000005 55.70935070875518 0.531760175838 0.014046902390283335 36.80949493095534 0.650387359592 0.025084575795926614
4.1909398827999995 60.22075668574841 0.533966349139 0.013724768587634549 40.509077023552756 0.647578173662 0.02404268167524452
4.3633540896 65.21392184113036 0.534455777323 0.013353632174066292 45.779346492832104 0.635032268763 0.02255075929524259
4.535097424 71.70335575567206 0.530068928452 0.012918137505599104 48.991987705611365 0.638294749289 0.02208269612627498
4.699461162 77.09527536251065 0.52991835074 0.01261364848089985 52.48414909878956 0.639348822372 0.021502844693120252
4.8920015408 83.26710206990784 0.530980053853 0.012315038470164928 56.94692521369662 0.639299092106 0.02081903316961474
5.0892380264 90.47805621377361 0.530131925021 0.012058842877507112 63.80263264157345 0.628937370318 0.019640017603141477
5.2710444467999995 99.06279131105693 0.524996615585 0.011724614558379006 71.50729744491503 0.615902997834 0.018522097323567688
5.4421169088 108.22243548035657 0.518834509429 0.011340452582795639 80.47524286426102 0.599996273267 0.017390998951785763
5.631973798000001 116.56879782745047 0.517520204838 0.011069887695946877 88.19259605492802 0.593495634702 0.016692754426145446
5.7815783432 126.48847209149145 0.510224988204 0.010725495168839586 97.6510159194274 0.579434869584 0.015822928271701477
5.948625570799999 135.37649721830974 0.507586407781 0.010470492994738711 108.0412165670955 0.567162827124 0.015011879625523503
6.1411659496 146.61091234734067 0.503706106148 0.010166805560207567 118.36694009883686 0.559684813955 0.014382918657642
6.349807266 158.04407340425527 0.501766268492 0.009887623745762734 128.40326832296202 0.55584102883 0.013873770380959476
6.5228923452 170.06231953936683 0.497043828071 0.009622787521733593 139.798365444967 0.547473575111 0.013320071436596002
6.692623062400001 181.21281236063513 0.494152460273 0.009417500120007043 151.8385156184968 0.539213578894 0.01279737600670004
6.877783844800001 195.59992486552736 0.488931862532 0.00915458256192629 169.06677575143328 0.525428864481 0.012103363542002418
7.0253757727999995 211.42795063681584 0.48051772859 0.008876481994763385 181.42324118067256 0.518269515738 0.011697495847917249
7.195106490000001 228.6456760167961 0.473370825862 0.008607254764234584 199.32090996943774 0.506615881503 0.01114422216354685
7.34605278 244.74343472492214 0.467247888108 0.008382968831609055 217.05114221981285 0.495850102175 0.01066135070651849
7.4929738356 262.564631661412 0.460245815265 0.008158865206081464 236.81450202499795 0.484377109518 0.010195549757456042
7.675451128400001 282.40075788697885 0.454696131406 0.007945895053143043 257.75455141928404 0.475736420628 0.009777728198973322
7.825726546 300.8702238306873 0.449229724207 0.007747672530219935 282.8081631498122 0.463227128402 0.009307559185322037
7.9853941772 324.3006663052611 0.44162594784 0.007525601026695363 309.51283800599845 0.451965639508 0.008888065458308798
8.1168851676 349.62423706603045 0.432435218131 0.007297310898759182 339.6148770752184 0.438712194276 0.008474079796363259
8.251730519999999 376.4776743873823 0.423740905605 0.007075232566551165 369.8403446380075 0.427498703707 0.008116490906318975
8.4308534508 404.15894827268653 0.417922655464 0.00688071978201654 403.13985644102456 0.418446925368 0.007779628622667549
8.597229806 436.00549944830436 0.410387941166 0.006670426243395047 438.52047340411104 0.409217047106 0.007463742797459378
8.736100392800001 464.75628209628553 0.403973467113 0.006497646247613704 475.7810495304303 0.399294242845 0.007163103188760003
8.887046682800001 494.94117831706944 0.39828017964 0.006333695983956925 514.7265076614841 0.390594928639 0.006888338984391912
9.0460434416 524.8482655596159 0.39373256923 0.006183086427173201 558.380985824865 0.381792162294 0.006614080636044968
9.1922936248 561.2851877880694 0.386948433008 0.006008344989289254 599.7208330737799 0.374408323292 0.00638828878784246
9.3237846152 597.4756586641595 0.380459475093 0.005851917785017048 648.3705441415983 0.36529578757 0.00614131808955583
9.4666804364 634.7179983040285 0.374828900508 0.005701341026721182 697.0508179239127 0.357755967759 0.005925026611738981
9.586095723599998 677.3646735113447 0.367460725526 0.00554770538407311 751.1870942587536 0.349018072044 0.005711719328503894
9.7102071176 724.3284030939222 0.359993531782 0.005385960379242465 804.46401593481 0.341668539108 0.005522414624669907
9.8497485768 771.3893327818918 0.353889762389 0.005242593657303069 858.8670779167587 0.335455732942 0.0053520467635424585
9.9611133952 820.1119983811147 0.347132822049 0.005105084717606036 920.394332045699 0.327748231277 0.0051732805608581695
10.075161703200001 869.5915661442863 0.341003594286 0.004978827494315061 987.2665983505149 0.320109551237 0.004997321010459911
10.1831721596 920.3444868640439 0.335050244295 0.0048568972431185875 1053.5962101325529 0.313219391643 0.004839156996775831
10.273739933600002 972.9924285817215 0.328785180148 0.00474207837228904 1126.3921030111453 0.305650825175 0.00468131073239885
10.382421262400001 1023.0054206144697 0.324061580864 0.004640094347111455 1208.9070196676096 0.298182621503 0.0045171564947757035
10.476343398400001 1066.1807762872115 0.320320981452 0.004559422011557151 1298.7868570173366 0.290307657497 0.004356545067472271
10.559531576 1111.2915177563095 0.316260564001 0.004477578344146906 1392.0062591508586 0.282667814487 0.004205041030798223
10.6279605608 1158.8650816655163 0.311725044587 0.004393881687095131 1487.1290403808243 0.27527041928 0.004064936458270561
10.703769142 1213.7448449060648 0.306786734501 0.004304029104326404 1589.5835165258054 0.268169108112 0.003930989070786838
10.7379836344 1270.3863137754909 0.300846342601 0.0042163039356255955 1697.1074023150416 0.260382058877 0.0038009314080426214
10.8064126192 1326.6784464680832 0.296285716387 0.004134919735695067 1803.955938412232 0.254176764438 0.00368660929516111
10.8768542212 1382.1741204184805 0.292182238984 0.004060326772904481 1915.7728346809574 0.248268216734 0.0035769020845583355
10.943941461199998 1432.1472087749128 0.28882063241 0.003995232896430375 2024.2268947964608 0.243026445646 0.003478866900378773
11.002307360000001 1483.5446881097455 0.285297505368 0.003932104082331414 2131.4088484821323 0.238109868434 0.0033908571929880025
11.0405470868 1544.7625815650233 0.280571548183 0.003859724426217359 2244.811153278263 0.232833397694 0.0033040243410293645
11.0875081548 1607.9091069186293 0.276188268513 0.003789422908367753 2356.065835775819 0.228244408466 0.003225998944344245
11.146544925999999 1670.9978715514503 0.272377079429 0.0037227503437408265 2469.888517627143 0.224117322556 0.003151499551586543
11.1988729732 1735.1745210826446 0.268557064298 0.003657461283928572 2582.560960691311 0.220209274108 0.0030822742689970736
11.233758338 1806.2067334867322 0.264053600853 0.0035898499235663866 2700.4696448823756 0.216025360295 0.0030149226541033272
11.2847446404 1872.9211780154465 0.260493409254 0.003530743839159608 2820.0381364350264 0.212361108327 0.002951983950536113
11.3370726876 1942.2729836162046 0.256994671597 0.0034711604017702985 2939.2972771995533 0.208977894485 0.002892555429582515
11.375983286799999 2016.8440131733535 0.25307269124 0.0034119009883926943 3056.0940155814715 0.205653681301 0.0028386337178043426
11.4323365684 2100.4378890174066 0.249222258288 0.003347605311767694 3172.264593532445 0.20285688752 0.002788202423423639
11.5000946808 2185.246375793576 0.24579381919 0.0032873700358033863 3287.2764522108023 0.200461223249 0.002742174698553038
11.5517518556 2279.352447739296 0.241755238594 0.0032232922412645947 3403.6180113641362 0.197893741148 0.002697074995810773
11.60609252 2366.7405140754536 0.238372599984 0.003167866377951215 3518.7540322172717 0.195547871303 0.002655112167116739
11.6644584188 2461.1291625418457 0.234938862716 0.003110835934661031 3627.314113746367 0.193570638817 0.0026178604771398277
11.7073942524 2553.894453728503 0.231487458249 0.003057433584392464 3750.514605364761 0.191068503912 0.0025760557677166423
11.7489883412 2645.5796006970427 0.228254359789 0.003007061064972497 3877.2620408149787 0.188590052818 0.0025350574796501636
11.781190216399999 2737.403773649049 0.225013546641 0.002958704300938694 4004.2155077777197 0.186087710081 0.0024953744039708375
11.8066833676 2836.839335194444 0.221518353118 0.0029088443666034315 4139.598991637562 0.183418244292 0.0024549380021828705
11.8301639016 2931.3177132676956 0.218357235779 0.002862825901637198 4270.125191213483 0.180954801325 0.0024170621243938904
11.8663910112 3023.218931677487 0.215675155254 0.0028210055907763524 4394.916403531859 0.178915549494 0.0023831758805378197
11.8885298004 3130.180383936819 0.212358135961 0.00277438005146946 4528.763651149947 0.176582831517 0.0023481793545896954
11.914022951599998 3249.0949489306836 0.208887348625 0.002724832181107875 4662.145366463986 0.17441374708 0.002315011213524558
11.9341491236 3375.757399101325 0.205281710214 0.0026744090039462517 4785.7705202500065 0.172438873454 0.0022852154199684755
11.958300529999999 3526.075977563146 0.201269714572 0.002618215024485011 4911.535314150194 0.170562965718 0.0022564897777803484
11.9770849572 3701.813832226829 0.196747808985 0.0025567834283819276 5036.479828451066 0.168700195849 0.002229255280509702
12.005932470400001 3896.081526094968 0.192246772604 0.0024938863870005044 5155.837631274226 0.167139023524 0.0022045362999213777
12.0334382388 4079.6865146277064 0.18830551836 0.002438598750668392 5276.694752729863 0.165593698282 0.002180187886062467
12.056918772800001 4255.381506678143 0.184740533724 0.0023889866188802076 5391.47710920535 0.164142371809 0.0021576347304659905
