0 0 0 0 0 0 0
0.3394614344 1.1768744395574964 0.299434965411 0.033788042348838185 0.8166323516474973 0.353304410139 0.06975548029908919
0.5246222168000001 1.980581612530351 0.357909105964 0.034885138579773996 1.391231179659772 0.420478734425 0.0650816930220202
0.6930111892 3.085427358261363 0.38099487108 0.032581510254953795 1.8961781349610787 0.476514142791 0.0648974938324902
0.8627419063999999 4.305144035869295 0.402960263932 0.029707879810506526 3.0424736190342423 0.473633390074 0.052862626080704786
1.053269668 5.350810627767379 0.441501990638 0.02880591215890591 4.254948317807382 0.491462796115 0.04759391679826868
1.1921402548 6.399400393478959 0.457656175656 0.027865426580130977 4.711980563919082 0.528182387944 0.048653593059348965
1.3558331204 8.48524440888734 0.453814582261 0.024599623497771502 5.140311445815711 0.57425265694 0.050250442495008964
1.5121463896 10.572343912071217 0.454585768262 0.02314378603236269 6.133381338486204 0.587765615706 0.0480086064473702
1.6651052968 12.083679067170102 0.468593583973 0.022466274507072895 7.530442848809236 0.586257733126 0.04416261784841848
1.8361777588 14.182650310952457 0.47757824881 0.021416572780723106 8.331211162793235 0.614700092351 0.04378077830860384
2.0374394788 16.242305806998804 0.495493822574 0.02070004108033714 9.529315866392038 0.638372552823 0.04265079922002053
2.2172332819999996 18.529419433281376 0.505294963761 0.019969668649794325 11.041470530078026 0.646616468824 0.04057585996254142
2.3728756788 20.657728519017915 0.512531171287 0.019586237312365667 13.201396400401086 0.634847874052 0.03723107365960124
2.5352267996 22.949424949983797 0.519892657171 0.018945531940127984 15.442113040505642 0.628609146667 0.034498725987441824
2.703615772 26.51635723409034 0.516471580643 0.01794312431396319 18.181841379275653 0.619240250481 0.03214115430315132
2.8632834032 29.58760360492051 0.518227163043 0.01740928731078036 20.442053307681835 0.619306632866 0.030744360182784983
3.0108753312000003 32.882569278018124 0.517339410472 0.01682204977837141 22.921070349096777 0.615825584076 0.02925963651723601
3.1725555796 36.898255556881836 0.51505513074 0.01615382638422919 26.30667463146005 0.606705297965 0.027425857403301758
3.354362 40.95082464155569 0.517255418994 0.015617478742557696 31.269874693580782 0.589583946721 0.025062673833893646
3.5676994231999997 44.13258406480454 0.530039968371 0.015426706501080845 34.35175107977158 0.598609484533 0.02437726158396133
3.7716446327999997 48.459053514898166 0.5349956776 0.015051525582148569 37.50624749487476 0.605943767895 0.02378299495196935
3.9776024596 52.7074529950836 0.541196918839 0.01473504183574298 40.76293963187049 0.613259876808 0.023180861426629566
4.1607506247999995 57.171666544456706 0.543796946267 0.014380905878058261 44.77157154827915 0.612551803916 0.022273699181034275
4.340544427999999 63.10592579267475 0.540307294479 0.013856453554847471 49.68926612074689 0.607108542247 0.02126976825847092
4.5136295072 69.13023997593356 0.537112749253 0.01342469583185192 55.98486063904146 0.595395622747 0.02002398013351889
4.7068407584 75.71073462875283 0.535477527177 0.012999753242344885 61.202817275929924 0.594175209347 0.019316596540767908
4.8765714756 82.54057740468137 0.531601488701 0.012593005862879649 67.33684396608359 0.587311220047 0.01844323120078399
5.0925923884 89.81654448712817 0.532392662788 0.012267707487938458 75.30974395286553 0.580397264786 0.017515558715610058
5.239513444000001 98.10673947940218 0.524376067513 0.011851102648624913 83.10239073648624 0.568870618982 0.016646331622890483
5.406560671599999 105.51543478476773 0.521934472583 0.011554145609709075 92.38873431747732 0.557129320773 0.015753033198999754
5.5769622612 115.30200304789989 0.515268218094 0.011171900156049663 106.06900609988513 0.536861984512 0.014596438354224407
5.7312629132 124.24310749544604 0.510299783542 0.010866803980723228 115.06742619573129 0.529940725301 0.014037949483063151
5.883550948 133.29934323635743 0.505913977849 0.010580037837325643 126.42388454923498 0.519286995657 0.013368751963822352
6.0821291784 145.42674999723926 0.500896030763 0.010283817565047797 138.7163264249334 0.512700282544 0.012813108711703365
6.239784192399999 156.47386346294638 0.495564105841 0.009992745614304733 149.03187321980243 0.507622470295 0.01239794178099629
6.394755716800001 170.05218204280644 0.487353866189 0.009682504672945843 164.59748718326716 0.49526307532 0.011771638763472037
6.565157306400001 184.7583529264575 0.480176608592 0.009358609423604199 181.62198123784842 0.484256494664 0.011200470902470389
6.735558896 198.9262516121334 0.474901939069 0.009101467159553232 199.039312731563 0.474768528081 0.010694404852011978
6.9133400819999995 217.002392661277 0.466846140073 0.008768732533847783 219.64863314862274 0.464054501699 0.01017502732243188
7.062944627199999 236.45549167005515 0.457056863213 0.008469384292705205 244.1266648884186 0.449887539131 0.009630291541093731
7.2709150712 255.92117621965042 0.452375126922 0.008201398809370344 267.2522221923201 0.442768558825 0.009228423222643367
7.441987533199998 277.1294557952182 0.445062509781 0.007932780653596596 293.1002305501343 0.432870890725 0.008813340582887816
7.6070221436 298.60248387925003 0.43836862011 0.007693728051198657 316.94761823205175 0.425595887653 0.008488986978556304
7.782790712400001 322.86382845090145 0.431414454453 0.007450534928868521 343.16452877333205 0.418557212426 0.008183268776580276
7.9558757916 347.1601914644673 0.425379709958 0.007234634700964279 371.95982479346634 0.411057619936 0.007878756210454078
8.1021259748 371.07772980625714 0.419080565217 0.007040925689647668 400.92976238688334 0.40328481262 0.007592561468599552
8.2309334756 395.56829878918546 0.412422703466 0.006859029516665481 433.47254495758125 0.394096416877 0.007302612387380438
8.353703124799999 420.21730872330727 0.406174433088 0.006698363303193471 470.4777531429199 0.384000528923 0.007006209412512511
8.464397070799999 446.7643612722022 0.399203176049 0.006533081346568289 514.0877008053448 0.372299231021 0.006689778257076281
8.6052802748 476.8265407002142 0.392903874831 0.006359976268804366 565.8977976603309 0.360828536379 0.006368705001844483
8.7199994552 507.2100814930171 0.38608700458 0.0061925476858686246 620.9386417642456 0.349124521794 0.0060683303688597885
8.8481360836 541.6623586919343 0.379150359773 0.006020648190233472 675.7134138088575 0.339646247375 0.005815718937285049
8.954133922799999 580.1984940968968 0.370786505136 0.005843024918035475 728.085394659195 0.331166104591 0.0056074329941575496
9.110447192 618.6043426922973 0.365403245695 0.005686604229516039 773.3597003413303 0.326963719096 0.005457261726953123
9.2540138856 663.1692914845526 0.358519322726 0.005521060619936127 816.375806934584 0.32327169219 0.0053328321333440416
9.391542727600001 707.7852683612882 0.352232935707 0.005370958945958214 862.1197913167999 0.319276884718 0.005207968991246043
9.5445016348 750.46058154575 0.347674323258 0.005244968686774938 907.8086082738077 0.316226126443 0.005094257005753448
9.6625751772 793.411321870384 0.342346375983 0.005126686225292201 956.7035836401632 0.311871422782 0.004976695243114571
9.777294357599999 824.5045289633943 0.339834292587 0.005047901578504868 1028.9829277333492 0.304318954358 0.0047984188351682415
9.8759126004 853.9121649810575 0.337315818367 0.004977883456997645 1116.5813367447447 0.295116660847 0.00460086574750363
9.9443415852 883.045189882277 0.334020008593 0.004907825648464718 1217.1278691104928 0.284654560294 0.0043955793900723565
9.9986822496 910.5545707064364 0.330748473754 0.00484455815237065 1320.5235596486943 0.274803972223 0.004211458661200336
10.061073382799998 942.3397224777015 0.32716775806 0.004772249015668502 1431.8793381328387 0.265572864992 0.004036646605530641
10.1261480056 978.1889271489887 0.323211030249 0.0046958348076459365 1537.2453326851335 0.25798646692 0.0038926229283410842
10.1959187352 1020.0573477285068 0.318708007748 0.004608172426261622 1640.0551696599314 0.251505842445 0.0037671990372858425
10.2522720168 1066.3727060331264 0.313452641256 0.004517787483596879 1744.0170430313838 0.245256251735 0.0036528932688770555
10.3126505328 1108.8042701746797 0.309222955329 0.004441420369321233 1857.6542285926982 0.239048914404 0.0035397310861849606
10.357598983599999 1158.1177889934634 0.303904616117 0.004354497080098544 1971.696946208881 0.233055544571 0.003435478670973355
10.409927030799999 1202.626553355946 0.299748866268 0.004281029789304783 2081.6747518004377 0.227971146657 0.0033445890662528715
10.479026888 1245.6679879059827 0.296491737354 0.0042147883533499375 2189.5304560041777 0.22376882978 0.0032631403942449603
10.535380169599998 1295.1959018400782 0.292344749184 0.004140190617557705 2297.234349442752 0.219642365975 0.0031878043493450852
10.5816703652 1345.3946569054026 0.288112148088 0.004068984202557198 2413.601526339877 0.215230873164 0.0031114608625135106
10.6413780088 1403.7442710239343 0.28366551582 0.003990256385157786 2527.0188901904953 0.211538416074 0.0030436996819125503
10.6977312904 1460.2746543927803 0.279605325974 0.003919204244856376 2630.3398519716175 0.20844513703 0.0029863255187882543
10.7668311476 1526.0645325782198 0.275290972717 0.003841111966832835 2736.435012673601 0.205688925006 0.0029319013885395783
10.8433106012 1598.8749265364568 0.270872472636 0.003760800222682136 2834.1492202879185 0.203551338681 0.002886441900204846
10.931865758000002 1695.9928936969725 0.265165317454 0.0036600971536217444 2922.8053455218774 0.202080289755 0.0028496669644644526
11.0130413184 1791.4559304488198 0.259932234074 0.0035709717462882808 3009.806636283288 0.200619637915 0.0028162307978120845
11.0969003684 1896.7789827053518 0.25454858095 0.0034799134989069304 3105.847082861625 0.199000122624 0.0027801736370132277
11.1774050564 1987.7819778142425 0.250466914455 0.003407866096908161 3198.453379844634 0.197523294965 0.0027463620497006564
11.2820611508 2081.0749486568834 0.247088704008 0.0033400347603032192 3281.190746785757 0.196844876318 0.0027189680431698566
11.389400734799999 2168.375027345778 0.244373523199 0.0032810455073309774 3367.219905672664 0.196164574487 0.0026913845244952257
11.4504501232 2254.835127153811 0.240934067945 0.003224371285938734 3464.1464146350636 0.194439926696 0.0026584271409921495
11.5014364256 2319.1740876046806 0.238631095716 0.003184491812145073 3577.6671498094515 0.192185081172 0.0026188033237996605
11.5416887696 2370.1337853435625 0.236881433887 0.0031529898252841524 3700.968646577011 0.189620881665 0.0025754703380120652
11.565840176000002 2422.090603939795 0.234820985465 0.003122118039909676 3832.3366710471096 0.186735604277 0.0025315133403575637
11.591333327200001 2469.8754583017444 0.233054074859 0.003094143766883965 3968.385012822111 0.183914206098 0.002487740346656351
11.606092519999999 2525.2928163113124 0.230779910138 0.0030615502688083715 4105.2419070281085 0.181055702928 0.002445410542955738
11.626218692 2589.647649260762 0.228293566889 0.0030250147330094746 4243.215635362571 0.178399154962 0.0024049496201326913
11.6436613744 2650.186743865414 0.226013186699 0.002993031064268941 4378.337433800873 0.175890599907 0.0023680322717734618
11.663116674 2727.997735733398 0.223143169823 0.002951855018388043 4514.264968876365 0.173513891243 0.0023322949756808984
11.6993437836 2817.7574679898144 0.220246786713 0.002906470432639583 4640.959422493735 0.171662448319 0.002301076159681029
11.742279617200001 2947.845277463584 0.216128546837 0.00284435195402754 4763.7673827196095 0.170058707766 0.0022731232789050906
11.791253302400001 3094.862558694257 0.211818487294 0.002779113036881649 4876.372336409648 0.168786091725 0.0022492499930602036
11.8355308808 3290.2315574693926 0.206212245189 0.0026995345046311975 4982.309901653749 0.167610246595 0.0022290168679956496
11.8824919488 3506.5738340312714 0.200549246199 0.0026183418331257005 5087.762564300818 0.166523370647 0.0022090069711642193
11.932807378800002 3735.9659229679582 0.195123793565 0.0025404697968805776 5193.315962150182 0.165521369011 0.002189958236532536
11.981781064 3982.498565953299 0.189769325227 0.0024645530493936393 5292.8986887322635 0.164630712274 0.002172876061333519
12.0575896452 4255.229329214927 0.18475410866 0.002389009282002189 5391.42705179693 0.164152263108 0.0021576305714435078
