0 0 0 0 0 0 0
0.3280566036 1.6442584998509173 0.247967822103 0.027235542277556188 0.7870224469430992 0.347745556491 0.06899279027016422
0.5185843652 2.4445449331921907 0.320883023272 0.03074254441602708 2.063165078511924 0.347306728433 0.04703736033389206
0.6856315928000001 3.8514974936872393 0.339697647848 0.02701260662128956 2.4184431662025356 0.422183894865 0.052518073091448784
0.818464328 5.338152204111706 0.345726673508 0.02393416966819233 2.666346416054433 0.478404611637 0.05581759425627185
0.9700814904000001 6.283408947088147 0.377632360891 0.02477871346721198 3.1234959691063837 0.52362896557 0.05665279363952612
1.1331034836 7.552741157123925 0.402589981785 0.023831845343706037 3.9488267587121766 0.545762785393 0.05305489471835665
1.298138094 9.291527650366783 0.416490021239 0.023093736857234818 5.367592450088286 0.539740100826 0.046318269135308406
1.4611600872000001 10.919393583045423 0.432830160883 0.022313054922529333 7.295880597870601 0.524254510349 0.04006699783238069
1.6610800624 12.901684625859927 0.453026623963 0.021257430055148976 7.73335965457329 0.577649199519 0.042252300481725596
1.824772928 15.290837788433073 0.457803716166 0.02011876018602853 9.04408063197768 0.587914789688 0.04050649536834871
2.002554114 17.271881863221832 0.472964543739 0.019695422961758396 11.084716260692216 0.584611529048 0.037058134649471594
2.1883857688 19.691127978119834 0.484424911337 0.019025966563444973 12.806127783982028 0.595243495389 0.03554249822360121
2.3527495068 21.986186631731638 0.493193304427 0.018681652013019277 14.672964738881781 0.598803797306 0.033879099645452326
2.5318724375999997 24.795016809382645 0.500158562847 0.018208201599108808 17.67253934327777 0.588686769679 0.031086370863980885
2.7009322824 28.08764378244949 0.501774321897 0.01759703374142107 20.578664784563973 0.583035205214 0.029209395145777813
2.8659668928 31.10935892359891 0.506235984469 0.017062450808500162 23.61472507987677 0.578402266115 0.027452625082134616
3.0283180136 34.95048136616239 0.50509930889 0.01642670942736886 27.029527807860354 0.572083387462 0.025756204597754895
3.189998262 38.489377858255914 0.507317683126 0.01602164270862562 30.01958941317696 0.572341170022 0.0247992597529034
3.3570454896000004 42.74560700210032 0.50695569991 0.015553008674649092 33.82838070761884 0.568015012469 0.023624859242610517
3.5442188892 46.73939213582616 0.512063581077 0.01512703023416377 38.31721566081695 0.564060402827 0.022317766044198623
3.6958360515999997 50.66162094321157 0.51311720807 0.014824854993390223 42.416627718619075 0.559516952792 0.021373646204745737
3.8924016648 54.63774902832893 0.520514574171 0.014543739430864235 47.730630149225895 0.555994392418 0.020331953504586612
4.0842711712 60.58447075227176 0.518991577685 0.014217908514177579 51.786756283949146 0.560326194148 0.019832310138625436
4.2338757164 65.2282266910834 0.518705058989 0.013924398337121517 58.96478998042496 0.544959768087 0.018478034560141146
4.4036064336 71.13089149444929 0.516877870207 0.013462659123922681 65.51210146369101 0.538130655505 0.017575174067273523
4.584741981600001 76.83320578571828 0.517970048605 0.01311470409564264 73.35298453444592 0.529874819319 0.016609304749076955
4.7598396780000005 84.45374087317587 0.513189651071 0.012625851404249188 83.15102835146932 0.517120708768 0.015579987182863653
4.930912139999999 92.20799875029599 0.509025356897 0.01228001766270564 92.47004939397773 0.508315981867 0.01480316997407423
5.128819498 100.6869456416277 0.506879607532 0.011872866601489921 98.37128658764608 0.512711788561 0.014548510111941651
5.308613301199999 108.0858034920819 0.506522216233 0.011580973579186858 108.95116951616404 0.504538401439 0.013846547489925145
5.4931032112 115.59630162251563 0.506943308334 0.011323740484342289 118.24368085094503 0.501322359692 0.013375581895045051
5.6749096316 125.57810041663858 0.502665615521 0.01094838520335685 127.93173298597533 0.498087259495 0.012931689845386325
5.8493364556 134.77594959406784 0.500268822644 0.010672994619306876 137.71231319418146 0.494980828288 0.012549000575964591
6.031142876 144.20385909441785 0.498798567832 0.01041642976331155 145.9958187312966 0.495769253877 0.012303685416605911
6.1941648692 155.07725475600017 0.49414602229 0.0101292281537217 156.95445584291824 0.491220204186 0.011919045477947117
6.363224714 166.9301940701849 0.489423762998 0.009890649007976397 172.5306617449602 0.481511589118 0.011385038176325673
6.5483854964 177.7782022658635 0.488158594766 0.009674725109602945 185.34403695769007 0.478208369855 0.011043824481678092
6.739584130400001 191.09044884438651 0.484719208634 0.00941645139552166 202.611491557573 0.470890159881 0.01058829579235478
6.9341371264 204.00433358625753 0.482769518294 0.009198871706025123 222.33605858390447 0.462650609672 0.01011644560588272
7.113260057200001 218.36395668235275 0.47879049357 0.00897600206365006 249.02636881454242 0.448639874359 0.009536428373746086
7.268902454000001 233.13954184997084 0.473616905302 0.008766986072673288 273.12120983988035 0.437906698159 0.009111761800446903
7.4440001504 249.45085869669666 0.469002364611 0.008537435036418434 295.7672948416417 0.431047009535 0.00877625590232256
7.594946440399999 266.3592408264448 0.463176226943 0.008301884471393349 317.9853557841025 0.424234448128 0.00847610737387581
7.74857622 283.7893986897569 0.457894301543 0.008087456656594211 343.04444360383997 0.416796375915 0.008175557342968941
7.8975098928 302.80078087191373 0.451897601065 0.00787807833514522 369.56488043512957 0.409363330121 0.00788852119269043
8.042418331199999 323.16762535236575 0.445539452943 0.007668652226340052 394.20430615028226 0.403700414968 0.007662795034424564
8.2222121344 343.51784560847705 0.441870679717 0.007480196242229003 424.08668893401796 0.397985256619 0.007405990736716574
8.349007018 364.94588644980354 0.43538869832 0.007295086726026456 454.5394937673328 0.390415952358 0.007164056101277477
8.503978542399999 387.618475163236 0.430371402041 0.00711964666810951 491.1496848870981 0.382621288736 0.006903786118271826
8.648886980799999 409.41808209070024 0.425949682106 0.006961309372181191 527.9574961499092 0.375388885356 0.00666253734286093
8.793124546800001 433.2972382643883 0.421008830389 0.006798202799157317 569.6813358918233 0.367464761276 0.006419266791644468
8.9507795608 463.7953622548752 0.414294962167 0.006609930675368171 613.1897669367218 0.360588559229 0.006204921306199136
9.0775744444 492.906145751954 0.407626850691 0.006441146179681256 657.26426809457 0.353268320524 0.0059958345600471035
9.211748924399998 520.4052367981278 0.402622004349 0.006293575639111303 706.4290489441884 0.345834276568 0.005784830716208154
9.343239914799998 548.6481627444468 0.397763411622 0.006152824254622978 756.1657677075317 0.339076969155 0.005595110342811145
9.4579590952 581.2355082671731 0.391245972493 0.005997198177316807 812.1703057554954 0.331233471575 0.005398973866405497
9.5726782756 620.6732051207208 0.383258063526 0.005822794557784123 871.8343670972467 0.323611994201 0.005211421627587446
9.681359604399999 658.9865339510435 0.376218250773 0.005672360378766682 939.4088972991103 0.315330230166 0.005019961888086113
9.781319592 696.3304090800094 0.369809227106 0.0055366033312306585 1006.9765945180441 0.307742116241 0.004849174917206571
9.9040892412 737.7765022992477 0.363818496566 0.005398466019378304 1075.6725612250575 0.301515807384 0.004700290794615228
10.041618083199998 779.5453280283772 0.358884420156 0.005271246810814541 1145.0234406368904 0.296321783876 0.004565607059045899
10.1778051804 824.0957525632105 0.353813997499 0.005144555395300919 1209.8082577153082 0.29220566204 0.004451735067523812
10.309296170800001 872.0652431496313 0.348419293562 0.0050195840825139415 1274.5255589992253 0.288383781298 0.004350185257890991
10.417977499600001 921.7615780574719 0.342498832051 0.004899538630435629 1347.627109490084 0.283426479163 0.00424021045500512
10.483722994799999 971.3995817965409 0.335767144186 0.0047866949719615245 1424.4236796346192 0.277437085955 0.004128711719921951
10.5581898312 1015.4112316450705 0.33076416441 0.004694649026519193 1519.8366080072833 0.270513747436 0.003998821900143726
10.6279605608 1059.5843899599436 0.325955681474 0.004607919554123062 1613.6913563541502 0.264279831815 0.00388215696737473
10.6930351836 1098.3312834446367 0.322130539798 0.004534952802962231 1713.7185593203458 0.258036141954 0.003766530535746736
10.750730209999999 1138.6225365466146 0.318102286377 0.00446271670315447 1824.2226099317718 0.251462546303 0.00364863867211951
10.8231844292 1180.0618558750268 0.314587036602 0.004391584019009167 1942.4406343831529 0.245345794081 0.00353520252946105
10.8600824112 1222.2303206362387 0.310181105329 0.004320103027900342 2059.2217084553386 0.239111520008 0.003430234764391896
10.911068713599999 1266.8073136563999 0.306119051373 0.0042503299202803135 2177.323989225692 0.23363808695 0.003334443019812761
10.962055016 1310.2563076295664 0.302419612984 0.004184824408672003 2292.209952825152 0.228780590098 0.0032494805295882195
10.988889912000001 1356.5064377294796 0.297960098309 0.004118204731244932 2408.9051410273396 0.223724878956 0.003169269508670701
11.0338383628 1406.3518292579329 0.293841555058 0.004050259984227272 2526.178704748527 0.21937083595 0.00309487255507962
11.0868372824 1464.147240542458 0.289380045008 0.003976144828943112 2649.5075091228323 0.215239827008 0.0030241086911249513
11.137152712399999 1521.9630351129529 0.285130543788 0.0039048837135396016 2774.831665851877 0.211283569452 0.0029566443725634614
11.1847846528 1585.8384748936978 0.280536155114 0.0038310620577452115 2893.0161948856207 0.207813001144 0.0028974546438729452
11.2223535072 1656.822510810767 0.275395461218 0.0037532637970860813 3004.9299482787465 0.204595831981 0.00284517578419284
11.2834028956 1739.655319556517 0.27023402533 0.0036684135304998274 3112.7043710254993 0.202119907902 0.002799375850176962
11.363236711199999 1831.1191377166801 0.265274497814 0.003581989516641344 3213.6817248735942 0.200329536749 0.002759806886746663
11.421602609999999 1935.3521740594676 0.259370579194 0.0034897400617239006 3324.8493679153876 0.197966950381 0.002717441687465815
11.496069446399998 2047.1147108787006 0.253847310693 0.0033986031731738776 3423.629227022209 0.196364618233 0.002682566035608957
11.549068366 2165.8595621813597 0.247939958032 0.003309954270210108 3524.6333307024715 0.194425428806 0.0026485680388078224
11.6121303716 2285.126097340871 0.242711089568 0.0032272139990000507 3633.6583468513677 0.192534601483 0.0026122844018807833
11.6785467392 2397.253244161135 0.238330594355 0.0031549943819220486 3742.0709653193007 0.190812636135 0.0025770631759475453
11.726849552 2496.753237177643 0.234506078903 0.003094117536579275 3858.9481221468523 0.188680554961 0.002539081842194487
11.7644184064 2585.115451426908 0.231207324835 0.003043171886506859 3982.2742410056735 0.186333635782 0.0025002931518329817
11.7966202816 2677.3899184501415 0.227815536007 0.002992317737663096 4104.757225228002 0.184037380099 0.0024632943672630732
11.815404708800001 2766.959139348035 0.224459805544 0.0029450577059873763 4233.396985655717 0.181510716991 0.0024256746104730355
11.8489483288 2867.843518393622 0.221107478471 0.002894699464425041 4363.626408929749 0.179291481574 0.002389740646265544
11.8838336936 2965.3154966463435 0.21808782336 0.002848864419063344 4492.735977242713 0.177218813724 0.0023560117100724894
11.900605503600001 3061.0232935862878 0.214958537289 0.0028050515745173792 4628.784254591268 0.174843565175 0.0023209220774202326
11.919389930800001 3162.089004442749 0.211833421808 0.002761109391709637 4765.969788833354 0.172582800438 0.0022873759362472103
11.9421995924 3315.1010555436237 0.207288640986 0.0026987050056262057 4902.573618315258 0.170488892579 0.00225633964036921
11.973059722799999 3537.6663334987866 0.201187973263 0.002614649378474464 5030.347020735203 0.168746211045 0.0022293591531493736
11.996540256800001 3765.488200689418 0.195395703618 0.002535901652146516 5146.303229893324 0.16716283582 0.0022054839903132674
12.0260586424 4008.7871855274525 0.189845318258 0.00245952060312269 5270.980765529587 0.165581793439 0.0021806938894608947
12.056918772800001 4255.167435139425 0.184745176303 0.0023890478132686985 5391.47710920535 0.164142371809 0.0021576347304659905
