0 0 0 0 0 0 0
0.3334235828 1.3568704196119905 0.275573980467 0.03187864442984243 1.3862858532916087 0.272839195194 0.04579361253415069
0.5273057064 2.3564345576910632 0.331760024185 0.029604813825209107 1.7931931033004065 0.376516685709 0.05325858132121067
0.7097829992 3.678757451189251 0.359028041202 0.02620123118800413 2.3868888170565126 0.439080277184 0.05404007832350135
0.8721341199999999 4.49408174746441 0.399065403147 0.027459957820478477 3.528336490547003 0.446908825183 0.04677917441213157
1.0519279232 6.2126110545766045 0.410894625161 0.024661552892858436 5.232737260516955 0.445611473414 0.040113601671651115
1.1861024032 8.118187850461782 0.406721349469 0.02329817684423653 5.822982850262665 0.47611726635 0.04070026987266047
1.3565039928 9.3560171500121 0.433364859368 0.022729619939247762 6.52648393904091 0.514021179875 0.04090686509966692
1.5329434339999999 11.130705079344247 0.449494157421 0.021679053997030802 7.424945693207617 0.544712712341 0.04076938293355955
1.7120663648 13.231533259222402 0.461029727936 0.020751350561814156 9.093610269970778 0.551196259073 0.03800906966185644
1.8656961444 15.618755264790568 0.463122773691 0.019666134612094155 11.054659633264396 0.546368563992 0.03498387837571106
2.0428064580000003 18.730722750876154 0.463796836155 0.01858098172928761 12.953091587206487 0.553580996078 0.033434376224548416
2.2286381128 21.884262411586732 0.468641036202 0.01769069500265633 14.843255518435026 0.564823550369 0.03219932863902207
2.3561038688 24.249635145259248 0.471005755432 0.017277758475770223 17.03414484036546 0.558411143068 0.03020861908116819
2.5473025028 27.528922587482366 0.478283689367 0.016655556226121974 19.445018194646654 0.565695349871 0.028826192194716698
2.7351467747999996 30.27098177539375 0.489909204345 0.016380774604271547 22.11890560436925 0.570158377852 0.027519049319755906
2.9216493019999996 33.926832344983566 0.494646087421 0.015903381455949762 25.869162099592646 0.564096241015 0.025678601440137096
3.0853421676000004 37.991126198990564 0.494011154257 0.015317145708675426 29.03378165325082 0.562883105531 0.024502713215954913
3.22018752 42.83880185666528 0.486018557543 0.014672148295453215 33.034190712234626 0.551520862477 0.02302418678460616
3.3644250860000007 46.610637784522574 0.487040342336 0.014366052986236812 37.06670174533186 0.544551566449 0.021807136303414427
3.5469023788 51.49674670820792 0.488747448153 0.013957082056783488 43.1886021180244 0.532569656899 0.02026902494330697
3.72334182 57.31713428160949 0.486616968855 0.013465059679762935 48.87167348586019 0.526047066021 0.019190161379421086
3.8924016648 62.81227693955497 0.486182984092 0.013079187155745606 55.3763943859896 0.517109669433 0.018082136531992674
4.0681702336 69.33075305497334 0.483915565758 0.012610978623527454 63.68951902821844 0.504471982877 0.01685495036263978
4.246622292 77.3202737057021 0.478621633395 0.012111715517908728 69.98219322242136 0.502624640852 0.016239187208707682
4.4257452228 83.92250127980321 0.478955739857 0.011812046490889764 75.48694790391458 0.50453033553 0.015827042806027657
4.6223108360000005 90.8787596427236 0.48084737866 0.011509248373785147 82.84034367892404 0.503236886597 0.015252484916133426
4.8416861107999996 97.96479636225833 0.485223430568 0.011257900070812508 89.27328236240744 0.507901298881 0.014917078952318516
5.0342264896 107.08825458609766 0.482737684721 0.010922390108587487 98.2160813132687 0.503724585891 0.014337010362146428
5.2046280792 115.64038871902032 0.480424329022 0.01063109110735427 106.22959389743808 0.50093010584 0.013861203983805831
5.363624838 124.00297045210759 0.478250780972 0.010399584447388198 114.62438947805849 0.497146610206 0.013424272997444251
5.5306720656 132.65423598375722 0.476914601677 0.0102240356833636 125.38523400070508 0.490351915669 0.012870444498255288
5.7232124444 141.87362075684374 0.477317758071 0.010062201747009236 137.88616059704992 0.484078587732 0.012317368947499928
5.905689737200001 151.33425942906968 0.476994492993 0.009851049066178907 152.0718210286301 0.475850986793 0.011742956116265692
6.0841417956 163.66837813446517 0.472670986257 0.009595176663975644 167.5994425631765 0.46716108357 0.011198545421589939
6.2639355988 177.91712320644672 0.466895211179 0.009287364257210336 187.20411894780818 0.455296378316 0.010595556774005203
6.3960974616 191.96465051514147 0.459112439522 0.00900163825768036 205.37315540862897 0.444029688906 0.010103375686191194
6.5584485824000005 206.46153856944798 0.454052634997 0.008743432396300514 222.05754395989132 0.437976974178 0.009745970572235578
6.7449511096000005 224.18324461951013 0.448250712042 0.008483698043324417 236.0763189292577 0.436922051364 0.009526518955991799
6.9280992748 239.54899356188452 0.445495593131 0.008273067881742414 253.4374785192326 0.43322926064 0.009245381849983735
7.064286372 256.2860321780598 0.439267175161 0.008055439934129108 269.85763466770396 0.428176121268 0.008993389024919434
7.205169575999999 273.5355039475304 0.43375775837 0.007863343251301787 294.8965553194765 0.41788335479 0.008612229155419676
7.3708750588 293.3598248260355 0.42856343086 0.0076582003117555 319.38263838118354 0.410871124473 0.008304759004261988
7.5365805416 311.0038059771641 0.425648825741 0.007496906210511487 342.2997389179026 0.405871866029 0.008050259375746851
7.672767638799999 329.1975469479918 0.421259445688 0.007343368908647655 370.9853430246159 0.396996666976 0.007742294093483928
7.8217013116 352.95699899278816 0.414808851056 0.007144251162837448 401.9154852692134 0.388896708454 0.007452415205396353
7.996128135599999 376.199461315365 0.410811841739 0.006974414899238327 433.8778417522793 0.382710308236 0.0071926773586510305
8.1531122772 399.21014588575207 0.40668141307 0.00681048156280356 465.41379781400923 0.376827978393 0.006958184308187531
8.2611227336 425.4186359821533 0.39924018471 0.0066402302086249 510.25131108604717 0.364738316529 0.006632832121265167
8.3651079556 451.05867674663284 0.392663815184 0.00648237718980195 566.3149937334482 0.35065382082 0.006276635239746941
8.478485391200001 476.9084609494852 0.387098513903 0.006332108390921813 626.2441471641473 0.338042161374 0.005952837865334426
8.6186977228 508.3217370271951 0.381199152761 0.006164488554378606 682.2848185789313 0.329267053984 0.0057072496799075246
8.7461634788 540.7101912126349 0.375120471024 0.006004381134220697 729.0087514834778 0.323285536591 0.005530525613153511
8.8649078936 578.8318435766736 0.367531939521 0.005826834822403763 782.6408272507769 0.316283245045 0.00534592608461787
8.9849940532 614.7717290518799 0.361499819095 0.005678499452716644 829.1230028688567 0.311477542836 0.005206791428522109
9.1379529604 655.2120904558966 0.356166559435 0.005524473172638189 875.5785555806729 0.308282276062 0.005082888800375619
9.304329315599999 698.7989381213699 0.351195910645 0.005379324883980877 925.355624629821 0.305355235016 0.004967623880805361
9.4599717124 741.2752708401181 0.346721089957 0.005254785037474258 967.6848299155828 0.303611043068 0.004883046178429075
9.580057872 787.076050220527 0.340786450293 0.00512679021807488 1015.8538513615808 0.300104181424 0.004785151478613323
9.7055110108 827.4537118863786 0.336744764184 0.005021916084302333 1070.2636180548466 0.296222888337 0.004673558405425247
9.8135214672 867.7663411586282 0.332512499668 0.004922413517765158 1132.9941347174404 0.291129290494 0.0045482496233985505
9.9175066892 909.6213581536939 0.328235728145 0.004830625253303928 1217.6758873838776 0.283823738111 0.0043933170387615425
10.018137549199999 941.3465014142743 0.325945232298 0.004766212505235604 1302.3572323219917 0.277246812134 0.00425079989596321
10.0892500236 976.4649719958172 0.322318495075 0.004691345272542777 1395.3693614179392 0.269769090128 0.004103712362972399
10.157008136 1013.9776506765726 0.318440988515 0.0046172350550081126 1501.2355605190273 0.261850107731 0.003954037092313394
10.2254371208 1048.7178286270926 0.315245633988 0.0045512289381694875 1607.6336414428208 0.254758639229 0.003818825112026452
10.274410806 1091.3558605176788 0.310523468375 0.0044693889360755265 1718.0961400087253 0.247628826966 0.0036910939783055077
10.324055363600001 1132.159183967836 0.30636456091 0.004398453191329242 1830.007628638061 0.241110593675 0.0035743712227360126
10.382421262400001 1171.9002001795193 0.302840494744 0.004331603515208293 1942.3016097545176 0.235371613325 0.0034684646779351382
10.4381036716 1214.9071838461323 0.299040453079 0.004263318774196113 2052.210458634566 0.230220039183 0.003375934089069251
10.503849166799998 1255.1816487688704 0.296067778074 0.0042024175981039925 2161.78644773877 0.225730868704 0.0032902684346845204
10.5420888936 1300.1378532009985 0.291975656696 0.004135299744478629 2284.3562237296655 0.220399819299 0.00320063285730755
10.6091761336 1351.5872629093124 0.288199308933 0.004063052698220529 2396.5128147484734 0.21655679846 0.0031269438368796082
10.662175053199999 1400.9802305415583 0.284498728665 0.0039964872709750705 2503.547137387953 0.212941394887 0.003060520145163954
10.724566186399999 1459.5480304323576 0.280375447385 0.003921779417224734 2612.790885132899 0.209667303354 0.002998302484438884
10.788969936800001 1529.9235293897011 0.275509055666 0.003838297073836488 2711.3576159809536 0.207061301935 0.002948002306482759
10.8842338176 1599.7529569298051 0.271819148112 0.0037624375422320253 2814.822806008534 0.205018384556 0.0028994659495082454
10.9627258884 1694.6346299513348 0.266019379104 0.0036653748976658114 2912.329125186238 0.203014101041 0.002858196425029587
11.0304840008 1787.0626131611061 0.26066266242 0.0035772752117445355 3009.5986672105364 0.200944123827 0.0028174261522231256
11.1284313712 1881.8739324424741 0.25627810118 0.0034944347982959097 3096.37978424402 0.199869721758 0.0027847676732506966
11.1982021008 1970.0352846282044 0.252058086719 0.003422998683657359 3186.870333682394 0.198249481678 0.0027508912528444694
11.2632767236 2071.4992286465713 0.247246137507 0.0033468103799994785 3280.638892516038 0.196533829312 0.002718120521690247
11.359211476799999 2156.566177162095 0.244391558106 0.00328803134856092 3372.0201966940353 0.195505753417 0.002687349184116159
11.430323951199998 2246.4995218519207 0.240955980982 0.0032286966678800023 3473.6021770888187 0.193834276395 0.0026530695295774866
11.496069446400002 2324.0459560734225 0.238270110721 0.0031805870273200485 3580.3788092879713 0.192022769304 0.0026173143793112312
11.53900528 2374.356977891204 0.236616031427 0.003150132748075699 3697.650095364847 0.189661779849 0.0025765850613122957
11.574561517200001 2428.0663866558284 0.234709014542 0.003118437913994671 3830.588582110374 0.18691893624 0.0025323844696749746
11.602067285599999 2478.1662580220463 0.232879796995 0.003089014797691979 3964.9456065912464 0.184164181268 0.0024889007027161423
11.6087760096 2536.9568518873525 0.230302781335 0.0030548561876894953 4094.926963554297 0.181325275941 0.002448552164876216
11.6335982884 2600.8630677833958 0.227946031894 0.003019370650481701 4232.387985287146 0.178740328138 0.0024088482159254155
11.647015736399998 2667.419435055755 0.225347848077 0.002983704296621658 4369.938709268893 0.176110091482 0.0023708302312562836
11.673850632399999 2749.87448419968 0.222459445526 0.00294066549302682 4510.415646490446 0.173747542658 0.00233416441984468
11.716786466000002 2854.8328875240386 0.219139922485 0.0028885116161264553 4637.21142826464 0.171987677726 0.002303317105529553
11.744963106800002 2975.772739945199 0.215162443701 0.002831836808577672 4760.35570169536 0.170158448054 0.002275004292815205
11.7677727684 3120.2040040507804 0.210537825379 0.0027678006847242304 4883.369969040275 0.168329477363 0.0022476544519749913
11.8315056464 3292.310191094223 0.20607714739 0.0026987979570039056 4993.369231649253 0.167367760169 0.002226501891418496
11.875112352400002 3513.4493687784243 0.200228782794 0.0026159104562507823 5098.342398741038 0.166247362778 0.0022067161617704196
11.9274403996 3753.2952862537654 0.194585784946 0.0025349576554746876 5190.927432919828 0.165484981979 0.002190713008811028
11.987818915600002 4019.522058526803 0.188989339353 0.002453445801606382 5291.822933943078 0.164730370142 0.0021735056933318833
12.056918772800001 4255.437841293596 0.18473931205 0.0023889705158853117 5391.47710920535 0.164142371809 0.0021576347304659905
