0 0 0 0 0 0 0
0 0 0 0 0 0 0
0.4984581932 1.8857224102733907 0.348534897238 0.03788073019766674 1.1095443040394521 0.443126183921 0.07478854888200612
0.6829481032 2.9260862449454192 0.385058821275 0.03354431806182871 1.6826106810372765 0.495825317416 0.06929483440057323
0.8412739895999999 3.936020373108055 0.410141399684 0.032425345081529014 2.1903942746148912 0.536868064127 0.06765066451835647
1.0002707484 5.669499376524694 0.408568267637 0.027404171689550717 3.007644599154241 0.548557819195 0.06117091436431143
1.1760393171999999 6.9973661096613435 0.432930045009 0.025852334003601585 3.6819816782612578 0.583964320845 0.05864744730444128
1.3846806336 8.659926699343373 0.458764516667 0.024141312098889867 4.952418029770512 0.596154235025 0.05233458954169723
1.5671579264000002 10.560759823135298 0.470997261697 0.023205305170773374 6.048133940818308 0.612323881133 0.04946491970452588
1.7100537476 12.325784531459329 0.476424770246 0.022222117016519348 6.919179810466643 0.625756207112 0.047664483225594
1.8938727852000001 14.701181160256084 0.483867024038 0.021227403697371187 8.268648284739221 0.635609682667 0.04521164571790404
2.0723248436 16.892594376427766 0.494392594378 0.020588751044371995 10.453197315107893 0.621364004825 0.04012560253864902
2.2185750268 19.00435080232532 0.499468554847 0.01987300028369085 12.164708984535391 0.618098192191 0.037662868979455935
2.3829387648 21.077034203544006 0.509702088418 0.01925724268074852 14.395837478316693 0.611819411438 0.034835644863390705
2.5674286748 23.827760956213275 0.516919894 0.01873465576656516 16.646680091124193 0.614049728155 0.03312650291440627
2.6861730896 27.072093642371776 0.508062634872 0.01792875197921178 20.387817258364038 0.582511748175 0.029269397746947725
2.8699921271999997 30.423827539182238 0.512448938307 0.01724837913216214 23.02104507797276 0.586336848792 0.028015495611199575
3.0403937168 34.28592567825732 0.511840635136 0.01649860835103581 27.80915815323886 0.566494346403 0.02529055988093843
3.2228710096 38.71651823849403 0.511010567823 0.015778609421022913 31.005713959833106 0.569175198998 0.02427911712251759
3.4026648128000003 44.076785672913466 0.506133130028 0.015086099555384464 36.06140121200736 0.558049938646 0.022554613740190344
3.5583072096 49.558629775419774 0.499581964848 0.014414628238412126 40.87721057937508 0.548753271698 0.02128491486293724
3.7508475884 55.05464552298554 0.499930115005 0.013896261699061612 45.02719450578612 0.551471442679 0.02059779880552478
3.914540454 60.050368950635395 0.499808630717 0.013489470480290347 50.42285718116498 0.544361767164 0.01951664753363971
4.0842711712 67.17534366349174 0.49339560587 0.013020451886549302 56.76575933734856 0.535776872199 0.01845759504486428
4.233204844 73.30365932929205 0.489784032429 0.01264227769030079 63.54330767271688 0.525310272629 0.01743033316068689
4.406289923199999 80.02844240057789 0.488131384344 0.012219582288394835 68.11097543940441 0.528298847884 0.01699628861194286
4.6330447944 88.36523290556623 0.488647109379 0.011793622054618346 74.38534747827654 0.531747230044 0.016518476070424653
4.8047881288 95.28054168036114 0.488182119313 0.011499878023826291 82.29775968373862 0.524607150033 0.015742531414483917
4.9933032732 104.30793848888914 0.485085436663 0.011121250480451279 93.13009500308472 0.512896285621 0.01479174909671901
5.205969823999999 113.13321377789703 0.485764458442 0.010840148353916442 103.57946662786497 0.507324989829 0.014104240203320982
5.3918014788 121.85964078064107 0.484894780248 0.010584108291405924 113.09572173474595 0.503052761936 0.013578792421303
5.5608613236 131.11367646489558 0.482270425907 0.010330524536153055 126.38729792917445 0.491078942552 0.012831072888330124
5.7473638508 141.37215224287294 0.480156907059 0.01006967080893251 137.00157674430477 0.487653070592 0.012400349441407017
5.8996518856 153.02556507062673 0.473902474118 0.009802788327032722 150.73937872943978 0.477437307771 0.011817818333475928
6.0794456888 165.46693752388748 0.469765292864 0.009524973093127567 168.90379632314747 0.465017903139 0.011156469373136534
6.254543385200001 178.4441305363147 0.465518090205 0.009249390350800593 185.44606143052133 0.456743673864 0.010658338344850395
6.430311954 193.7082577558311 0.459495565031 0.008969800771703939 201.75112777201684 0.45034066738 0.01025865175516845
6.589308712799999 207.92268992018313 0.454588952856 0.008728400275328637 217.6511722789078 0.44441609298 0.009914847019802341
6.748976344 224.016832154206 0.448681823557 0.008485944175768777 228.0582865214514 0.444727275052 0.00976536339537924
6.9193779336 239.93138357715824 0.444586082711 0.008268409383839083 244.72224944618057 0.440253450587 0.009479856445274385
7.1099056952 257.12637064662397 0.441374507975 0.00806095202664915 262.6110548653634 0.436782378144 0.00920783553677729
7.2460927924 275.18155838383063 0.434915373337 0.007853863766621203 282.4883745158039 0.42930168653 0.008898738093582109
7.3990516996 291.24814075897484 0.431738725542 0.007691751426023466 307.1209253130815 0.420524574188 0.008538927714510267
7.543960138 308.9028611901 0.427498824367 0.007518463381047848 329.9938257268115 0.413717807068 0.008246230943762643
7.7076530036 327.50237563889783 0.424252722507 0.007361555567633324 360.4466318578761 0.404543087207 0.007897370976028424
7.8411566112 350.5627408753368 0.417244079377 0.007170081421558888 393.579539035414 0.393941106759 0.007553706019717731
8.005520349200001 373.8765571014467 0.412559435419 0.006990681091640406 424.19126887038885 0.387481687654 0.0072868742006828545
8.142378318799999 394.66532591663224 0.408463848733 0.006850012770016825 462.950230211103 0.377327500454 0.006973913999038144
8.288628502 419.406474323477 0.403407495162 0.006691216875481723 508.78979667732074 0.366471880068 0.006646739946045525
8.4033476824 443.4548183552762 0.397799834 0.0065426785908589144 569.7009335261655 0.351209620518 0.0062558114500209224
8.473118412 470.2095767271432 0.389583882834 0.006375235376247104 633.2301494607722 0.335968252475 0.005906071488223235
8.6126598712 499.4748491897771 0.384272649327 0.006210760084711137 688.2032220234298 0.327624865777 0.005664456318961473
8.7662896508 536.6547395837622 0.377391700524 0.006024618015535973 736.4062102260214 0.322402827875 0.0054921212553007415
8.875641852 574.7333918662226 0.369278869359 0.005844437749995457 786.3985420186503 0.315910845176 0.0053242764068425555
9.029942504 615.1877739448628 0.363181603956 0.005677293189155202 829.8830063743608 0.312890082877 0.005205922718815257
9.1714965804 655.4795929740075 0.357398341871 0.005531937969087994 877.7902765014641 0.30902325718 0.005081623004068127
9.309696294799998 698.514848799828 0.351469179492 0.005382441408169185 920.9544547238144 0.306257825264 0.004980315543872794
9.4465542644 745.5060553254457 0.345250648906 0.00523938942228053 965.2065133347019 0.303568838365 0.004889177196852203
9.594146192399998 791.6625569424309 0.34030050997 0.005112204171022248 1015.1235008793559 0.300652579389 0.004788333018808692
9.726308055199999 834.1955307091273 0.33610378912 0.005003823924499589 1069.8524789390076 0.296913544445 0.004678360360442984
9.8276097876 870.5126252581102 0.332465256298 0.004917231531829847 1138.5980538481224 0.29083034539 0.004539769637621437
9.942328968 907.7382751825489 0.329395672168 0.004837042610618859 1214.663685492416 0.284884779199 0.004402451597011287
10.02954238 945.3400935547398 0.325628075393 0.00475759602117959 1295.9024222241542 0.278250663189 0.004265496113509936
10.1087053232 979.1253652976545 0.322501435605 0.004689998721279103 1394.360087819515 0.270386234168 0.004110969692856642
10.165729477200001 1013.805387491895 0.318740951315 0.004620133682951642 1507.588108469998 0.261523194474 0.003947522411158233
10.2133614176 1048.9380758848379 0.314840993441 0.004551344100621598 1619.0310464194847 0.253562752703 0.0038042856689592093
10.2583098684 1085.9443431701266 0.310806731493 0.004482351754671625 1730.0934937795546 0.246384108496 0.003676043121648307
10.3153340224 1127.8672969860115 0.306686247451 0.004407447972965622 1841.5483662973052 0.240152459817 0.0035618395923745967
10.377725155599999 1169.7811610309127 0.302976958999 0.004336649675755617 1951.7319848044626 0.234697187022 0.0034609700671773607
10.4340784372 1208.2369755898128 0.299746933128 0.0042741996413939165 2064.1916299490763 0.229463612758 0.0033642076986474213
10.4810395052 1254.582179359479 0.295496118016 0.004201085615833711 2181.11614836263 0.224242379843 0.003272895581525702
10.5266588284 1298.7976467798032 0.291698855621 0.0041349994581487606 2298.66209453496 0.219392618718 0.0031880446947799208
10.576303386 1345.5364292396637 0.28795107764 0.00406870104470946 2413.7888296589613 0.215113454019 0.003111855715910921
10.6420488812 1400.8344631676523 0.283977115252 0.003993683172156768 2529.9311135008725 0.211430118776 0.0030418823438247184
10.7017565248 1466.6350081532955 0.279104707576 0.003910950113896946 2638.8756344844305 0.208186449806 0.002982220565392011
10.786957319599999 1533.6157347953292 0.275126711611 0.003832035488001994 2739.971540901047 0.205940302453 0.0029308343135930033
10.843310601199999 1604.3830337567529 0.270408142908 0.0037545193396267278 2838.933960577323 0.203379951616 0.0028846473628448394
10.925157034 1694.4836269314314 0.265120502893 0.0036628260180835187 2931.812127703946 0.201646285739 0.0028455591212629846
11.026458766400001 1783.9496558468916 0.260794416612 0.003578855075823734 3020.789023073077 0.200498889577 0.002810898326290812
11.0955586236 1868.3370805186412 0.256444001051 0.0035045617432525947 3110.1836104806193 0.198837475643 0.002775974552434498
11.1646584808 1963.2259366558442 0.251738388796 0.003427343059722674 3192.6077856783386 0.197478504384 0.0027468744575863263
11.2491884032 2063.9221638951117 0.247389199414 0.0033522425148213614 3289.817604074896 0.196014436251 0.002713582334980117
11.355857114800001 2153.8652147891403 0.244472325741 0.0032893780870763755 3380.533406046374 0.195202074521 0.0026831674010006335
11.4209317376 2232.2980913260412 0.241521472192 0.0032379749450746863 3480.855163719267 0.193473428078 0.0026490479774223022
11.498752936 2315.135417863943 0.238783124062 0.0031865328226603766 3588.41236559617 0.191852681964 0.0026139453882376438
11.5517518556 2381.6546369399757 0.236514596405 0.003146548446636778 3704.2778631672445 0.189701420756 0.002575280352917137
11.566511048399999 2431.282112602777 0.234390979716 0.0031166069243424494 3834.9682519974444 0.18668241036 0.0025308321276084644
11.596700306399999 2487.2209879511342 0.232348721045 0.003083750361626218 3972.2594961132463 0.183909650224 0.0024866122189375435
11.615484733599999 2552.2255844774895 0.229746490986 0.003046209037988875 4105.114778592319 0.181204956129 0.002445969505383755
11.638965267600001 2622.9675134468234 0.227089579367 0.003007233387362987 4242.369492457987 0.1786124495 0.002406427816928067
11.659762312 2697.1806021881175 0.224348013395 0.002967702681234065 4373.478453644442 0.176231444204 0.0023705514832005757
11.695989421599998 2783.273122140114 0.221541611602 0.0029237262351353025 4503.17364017984 0.174216700939 0.0023370416749654756
11.7141029764 2883.3076316391725 0.218006716533 0.002873990700745918 4629.272853567157 0.172095550844 0.0023053559843256954
11.7650892788 2994.781772015868 0.214846682367 0.0028227945605267084 4744.8284577971335 0.170728349104 0.002279062503058786
11.7966202816 3149.3021119223795 0.210077551362 0.0027551809349761446 4870.916749087625 0.168957349876 0.0022511898937197248
11.8455939668 3329.4111269082923 0.205170967736 0.0026832376358863104 4983.099214247478 0.167739423922 0.002228747922498119
11.888529800399997 3540.115096122294 0.199699351427 0.002605485337974376 5094.6526549665405 0.166495341069 0.0022072524857151762
11.938174358 3753.6184970683694 0.194752431084 0.0025342799497128496 5189.441009692086 0.165657552809 0.002190601644600317
11.986477170799999 4003.0958934116097 0.189355117548 0.0024583054494664437 5293.35676026064 0.164688091965 0.0021730126191642917
12.056918772800001 4255.423539067741 0.184739622205 0.0023889311020601546 5391.630290830093 0.164140041799 0.0021575654948138463
