0 0 0 0 0 0 0
0 0 0 0 0 0 0
0 0 0 0 0 0 0
0 0 0 0 0 0 0
0.8902476748000001 1.8257411498101246 0.613941082764 0.06161528404370087 1.1083409252929193 0.759044384261 0.1154222292586097
1.1002307359999999 2.1504183331393243 0.697011344702 0.06885715341459092 1.4020586140122608 0.835770958209 0.11396020136392722
1.261240112 2.8644731442708102 0.69863414776 0.058598473566282464 2.1288061200018054 0.79509522004 0.09300205709505835
1.4383504256 3.9145542423126667 0.688151441124 0.05070940982568143 2.4521641494212423 0.845453976416 0.09300408293875118
1.5986889292 4.679381430390899 0.702019183737 0.04751204370849751 3.0338049280187316 0.851049632425 0.08577258396943928
1.7556730708000001 5.612340680753156 0.706760378687 0.04398599754299181 3.459571618294734 0.877357857555 0.08327016338232421
1.9334542568000002 6.617175095908688 0.718863982093 0.04219539109029413 3.924273023044439 0.908886688153 0.08168331528552393
2.0931218879999998 7.7716748594093605 0.720419761484 0.0400870742350398 4.255263436166557 0.944997865487 0.08197679126966709
2.2863331392 8.982451058141601 0.733508705656 0.03794148714597196 5.024047812937969 0.954457173945 0.0773745510123061
2.4701521768 10.552165959373886 0.733318297971 0.035971217921414965 5.640649611180742 0.975367282543 0.07522085257742617
2.6821478552 12.383707834195402 0.736887779092 0.03405054066059822 7.487344363917023 0.92900804627 0.06437462038936631
2.8787134684 14.054777192466043 0.743667758727 0.032608504306652776 8.65426284800488 0.930674838027 0.060541129678533166
3.0652159956 15.526721442864824 0.754201475306 0.03177610611776933 9.556556655194996 0.944572430352 0.05879810675317608
3.2094535616 17.42426185247299 0.746914229024 0.029903935571699767 11.222668024826058 0.917086815882 0.053722193025334604
3.4288288364 19.10613297071079 0.762574529745 0.02960987540319675 13.005988360685453 0.913006054313 0.050486012025854836
3.6280779391999998 22.067780853377453 0.752487856347 0.027635276102124136 14.999967778656924 0.902367487085 0.047302204559083114
3.7978086563999995 24.52846090614471 0.748216605134 0.026336650799740798 16.997071302586786 0.889726203597 0.04437282018409157
4.008462590000001 27.13003994713731 0.751706540246 0.025332643535359908 19.189513575504737 0.885684495801 0.042024083078626887
4.2251543752 30.2820932925892 0.750912271313 0.024394800946855477 23.207477970165243 0.852282126455 0.03767871550477362
4.3995811992 33.40158984707403 0.745394586667 0.0234016914148489 25.50135003228389 0.847818539493 0.036148147837584084
4.5880963436 37.810178780561316 0.731778481492 0.022007206477092364 29.008264757409282 0.830772945323 0.0337249856755199
4.7625231675999995 41.858874453262544 0.722775314523 0.02093023597154364 32.087361773277635 0.821147870203 0.03202705279684938
4.9604305256000005 47.28820112183636 0.709254868217 0.01977855269662682 36.84134578852769 0.79986265724 0.029678946359548233
5.1543126491999995 52.489985009621385 0.700239321204 0.018742022602644952 40.75439452623948 0.791210260674 0.028215563237693277
5.3227016216 58.16576271694443 0.687650627962 0.017701972118787615 44.8321535450247 0.77994604404 0.026763601684852176
5.485052742400001 65.09224515867622 0.670627135856 0.016700737376881398 48.95832048976476 0.769918562223 0.025590270971034296
5.658808693999999 73.11623384431522 0.653514388536 0.015734876934403123 54.4361974858358 0.754231123191 0.024180500606361316
5.8211598148 80.70136792326586 0.640426186937 0.014943405186569763 60.53814573388655 0.736626990389 0.022773716995780246
6.014371065999999 88.45955489262484 0.632418215993 0.014298698540508789 67.31447088073355 0.722525351943 0.021477504677986536
6.161962994 95.28008368417595 0.624646918976 0.013811681187842859 76.87505816842034 0.693702831456 0.01976317847502288
6.322301497599999 104.7353823234139 0.611708426448 0.013188108828339252 88.34528840535503 0.664848662327 0.018147408439147642
6.4920322148 113.65991118514353 0.603280326321 0.012695506173858603 100.5826868555532 0.640537420734 0.01678564554550726
6.6409658876 126.121162008086 0.586261116962 0.01209674407576328 113.07492371915143 0.618554315628 0.015694320030954244
6.8234431804 139.16805949577542 0.573774782557 0.011578402427667639 126.78739498793975 0.600672964151 0.014734523847529511
7.0059204732 151.42806753155736 0.565019777854 0.011137207199128535 141.70489191702492 0.583783355594 0.01385819030037585
7.1608919976 164.80033115199234 0.553844053457 0.010703797614393832 160.53035998260458 0.56105658572 0.012873893950073049
7.309154798 178.24250135855715 0.543792353689 0.010317637024433245 184.16738288656586 0.535088195817 0.011865896964773913
7.4379622988 192.1620655980011 0.533155516886 0.009961964122383224 205.54765372459028 0.51571468385 0.011140950158516339
7.6097056332 209.42290681122816 0.522705315206 0.00957771308875365 227.75339609211395 0.501468279301 0.010553301563075856
7.7271083032 227.12917687471818 0.509853588758 0.009205003401440932 255.72565919665163 0.48079994049 0.009862707530565926
7.8512196971999995 247.49424331088977 0.496457753797 0.008846727263050368 285.41151292970983 0.462624113259 0.009273280562834418
7.9840524324 272.0551094224151 0.481716132004 0.008465115571877286 319.3304136184807 0.444947111273 0.008721064382501465
8.1396948292 296.00399449540885 0.470963135676 0.008156994604941011 354.908705267741 0.43042974742 0.008252114992095182
8.275211054 317.8592839402015 0.4621610589 0.007893083167718615 390.4453974077684 0.417326106686 0.007843123266386972
8.4033476824 340.9366706757359 0.453258420861 0.007650212559834995 425.5786713919184 0.406015372795 0.007503162983994441
8.5489269932 364.7862848294397 0.44587091012 0.0074209344897421346 462.89116090462494 0.396135276837 0.007186853197950739
8.6918228144 391.5965550981767 0.437619430568 0.007186805904030716 503.0349298027917 0.386427704238 0.006886207383189894
8.835389508 422.63900307565376 0.428290234007 0.006947448881512717 550.176172030769 0.375680436324 0.0065777223841980426
8.9984115012 451.82263243779096 0.421939106227 0.006746244168518674 594.8283795046259 0.368027698699 0.0063349022892778455
9.135269470799999 483.9131899707449 0.41398034344 0.0065421717678781155 643.610402271705 0.359242144709 0.006093278154464612
9.252001268399999 518.0608670279927 0.405284733235 0.006343326534195711 696.4733470252248 0.349805093472 0.005850014134888497
9.380808769200002 552.0366077311854 0.398137651065 0.006162929280538937 748.7618818336477 0.342109665622 0.005645389438162715
9.519679356 588.5316343788073 0.391356785426 0.005986659713937744 798.9742615747715 0.336121972232 0.005472744366250335
9.6578790704 628.0435154343079 0.38439654863 0.0058160208681667215 859.3404735731339 0.328843055468 0.005284131450983058
9.77796523 668.0381693990622 0.37739273116 0.005654985567655108 918.3515607080512 0.322089114563 0.005115121355123703
9.8906717932 709.3328142618101 0.370506771461 0.005508415826233542 988.659100101008 0.31403697563 0.00493262522764175
10.0141123148 753.6678803989897 0.363969446401 0.005360443720517481 1067.3619717202969 0.306040997467 0.004749462337685132
10.0885791512 794.1026383480956 0.357253080135 0.005235757345596562 1149.8651782115319 0.297079942711 0.004570904670103919
10.173779946 834.0862542744159 0.351558448863 0.005122970875526335 1236.315157552757 0.288950683896 0.0044062604176282
10.2562972512 873.2837633711024 0.346390615905 0.0050187529988024405 1324.7946391858213 0.281421574365 0.004255028999339393
10.3435106632 915.7414780246394 0.341166993393 0.004910189782854797 1428.2276798813157 0.273367132058 0.004093812401829142
10.4105979032 961.3982256494969 0.335152935721 0.004801427570031513 1529.663025668814 0.265880373829 0.003952477118513136
10.466280312399999 1005.7624520844901 0.329453418124 0.004703775090147639 1633.6268049133464 0.258674242433 0.003822543826659784
10.5347092972 1050.5098930698914 0.324488292531 0.004612050606544712 1738.1941803653247 0.252426882666 0.0037059874559182025
10.5917334512 1097.602316437554 0.319189274322 0.004518499468594869 1843.696676310936 0.246437772945 0.003596631012232187
10.6594915636 1146.672607007124 0.314301155834 0.004426980279995977 1952.2317606491972 0.24103288622 0.0034944699752309802
10.7131613556 1198.7128714273297 0.308969124699 0.004337451504431306 2057.018011312966 0.23600558281 0.0034060472859883265
10.7728689992 1254.8539959237298 0.303679272431 0.004246415556242473 2164.206185321313 0.23137815666 0.0033224266319112484
10.827880536 1309.8996192691143 0.298763654027 0.004162193838106744 2268.9958219179875 0.227133785604 0.003247026058691361
10.910397841200002 1383.352753343212 0.292957579001 0.004057777377726206 2372.58696653168 0.223819114786 0.003179804660879406
10.960042398799999 1449.367997766062 0.287525867729 0.003969824844384903 2478.8221940954536 0.219973305061 0.0031136817547491816
11.0398762144 1520.0244243124087 0.282822839449 0.0038840140041846946 2578.8713043058847 0.217240077333 0.003057542389852124
11.116355667999999 1588.3158382540535 0.278604794292 0.003807175764739033 2679.269912438987 0.214612146417 0.0030044556001276234
11.178746801199999 1666.4045573024007 0.273538471655 0.0037236763072915962 2785.1797442668053 0.211678317744 0.002950551138456025
11.227049614 1739.1298106754523 0.268926361248 0.0036508779972782056 2888.6196902844176 0.208756254888 0.0029002656296051367
11.274010681999998 1810.6130441915436 0.264676786904 0.003584348304624131 3005.2202069131886 0.205527097861 0.0028465469178264916
11.318959132800002 1875.7824933283543 0.261083456854 0.0035258218678225445 3121.9124700550565 0.202457567249 0.002794420169657071
11.3498192632 1942.5880749698088 0.257262511014 0.0034678447781202977 3243.568900832787 0.199170217659 0.0027421394527182715
11.3860463728 2012.0648411683032 0.25359642603 0.003410413305384968 3363.2136802544806 0.196223467372 0.0026935899739093587
11.415564758399999 2076.2333547171775 0.250300705613 0.0033602201131033393 3485.939451146913 0.193241636483 0.002646409938983933
11.447095761199998 2145.4074097102575 0.246919226153 0.0033081013406662733 3618.7405512654173 0.190190082784 0.002597447990546779
11.4806393812 2214.1303846585693 0.243775362862 0.0032591730309744385 3748.6940889620028 0.187415119655 0.0025527691489006005
11.5081451496 2286.16567433589 0.240484854895 0.0032102645413934453 3879.748769689686 0.184666891803 0.00250966227572121
11.528942194 2367.5996733621664 0.236746426857 0.0031563954441690776 4009.6181547310985 0.181982669012 0.0024690582389562984
11.562485814 2459.654010189775 0.232956308036 0.0030998271246726453 4141.796242351974 0.17957876013 0.0024308474876604757
11.592675072 2550.3573488559796 0.22937951349 0.003046696881764744 4265.380247206921 0.177422314279 0.0023964272980368136
11.625547819599998 2643.245523936063 0.225957513412 0.0029950478460682843 4385.94297459661 0.175464897174 0.002364217201060736
11.6604331844 2744.0185889940767 0.222440577064 0.0029424129900194915 4512.823379701625 0.173501667212 0.0023324062350110774
11.694647676799999 2859.049172385322 0.218565021518 0.0028854930652557134 4638.42373085201 0.171640428911 0.0023023493192042216
11.7395961276 2998.3194241804626 0.214255101179 0.002821095057160043 4760.523956328598 0.170077721143 0.0022749835023950335
11.7778358544 3158.5631068997855 0.209435910528 0.002751395678712022 4872.912441756007 0.168653898986 0.0022507534231576017
11.8301639016 3350.382376561025 0.204262335195 0.0026748282083242656 4984.4481262644 0.1674983617 0.00222838763117456
11.883162821200001 3548.4866912288785 0.199373913417 0.002603315459862307 5087.582126717557 0.166535719546 0.0022095451296086557
11.9468956992 3761.723738408334 0.194684773505 0.0025330044341955577 5190.423327997048 0.165762850288 0.002191747323197465
11.9871480432 4006.6977782741856 0.189280659255 0.0024570189881450125 5295.58859863875 0.164662622395 0.0021723833827173326
12.056918772800001 4255.381506678143 0.184740533724 0.0023889866188802076 5391.47710920535 0.164142371809 0.0021576347304659905
