0 0 0 0 0 0 0
0.37635941640000004 1.1300763989928146 0.336697137283 0.03917554216954251 0.5421686094775933 0.464509013354 0.10237689173674913
0.5279765788 1.7803185122801355 0.378223970789 0.03919758161945078 0.8511669639119179 0.524616839532 0.09639896072362601
0.6655054208 2.774659349137661 0.384968494154 0.03393351343098889 1.3139307403342086 0.539713632579 0.08396243347440692
0.8479827136 4.186280734259719 0.401522218924 0.029872944606153463 2.5318679062898566 0.50669293024 0.0611919993859836
1.0452191992 5.611635441996047 0.428495445799 0.027314884364217442 3.1230401945287785 0.562356161159 0.06095674601591873
1.2263547472 6.691643090439334 0.460602731381 0.027459073401273557 4.025426280601603 0.583584184401 0.05659884209011877
1.4188951259999998 8.371596609294139 0.47743777643 0.025661543807146133 4.8206799631887804 0.617895019735 0.05523248222518568
1.5986889292 10.407044680417796 0.483625991657 0.024086331148213725 5.730682450766289 0.639906991659 0.05291576552549446
1.7489643468 12.031166417114784 0.492697048156 0.0229414381918789 6.832105558100421 0.643244878366 0.04912229828329803
1.9133280848 14.120189094068762 0.498282711045 0.021751575799246588 9.000990898048048 0.616940585779 0.04249466327091973
2.0850714192 16.271348727918635 0.506414262823 0.021267238016997723 10.714666016587552 0.617843415612 0.039669648822141364
2.2259546232 18.560295449856827 0.506839183015 0.020338583476781167 12.205760839419465 0.619111202844 0.03769568921068762
2.4124571504 21.125148122052828 0.515336919314 0.019518997099755207 13.970989460941356 0.628071741178 0.035992018303140305
2.5821878676 23.520161334790632 0.523114328796 0.018958546650689655 16.18462629130609 0.625830467074 0.03388550592216246
2.7794243531999996 26.219334904185494 0.533615378132 0.018488936226297836 18.54172860136292 0.63028015891 0.032149233811181836
2.9035357472000003 29.0813015175885 0.529812738439 0.01784872944474666 20.57421554369495 0.625891679586 0.030668600395255593
3.112847936 32.479189011125705 0.537810726828 0.01737204960332833 24.34237678895239 0.618145827907 0.028382445213557685
3.2825786532 36.67903152341189 0.534211498833 0.016604605954735854 27.035896219830946 0.619143806737 0.02735244043474269
3.428157964 40.72670824566691 0.529898097892 0.01597404088016309 31.08683850675808 0.604043703527 0.025418948047536256
3.6005721708 44.09378841638634 0.53508990457 0.015720145721523103 35.848997386145804 0.591690701362 0.023705667938083225
3.7528602056 48.99017443283452 0.529540738488 0.015141482303154565 39.519068823962876 0.587885792545 0.02273795902423888
3.9433879672 54.507135242476515 0.527871289335 0.014551199419874795 45.763567384961426 0.574836218097 0.02112924122420966
4.129219622 60.206377649885425 0.526249989669 0.014042685951922458 52.74737576915665 0.56136257782 0.019670357019199867
4.3277978524 66.21540988008256 0.526206635109 0.013597446268463417 58.278275443606674 0.560101404377 0.01891049014406137
4.4988703144 71.21898483162614 0.527626386515 0.013279537048536481 64.15200785689595 0.555311762802 0.018093261426573172
4.629019560000001 77.53160231465728 0.520608822051 0.012858327626215015 69.51337177350364 0.54920977427 0.01743959742717238
4.7745988708 85.13727657991362 0.512733275629 0.012358268163770074 75.73620446731869 0.543018806953 0.016754104420249747
4.9966576352 93.06455878197629 0.513415417706 0.011997951468727374 85.46317477062645 0.535350599354 0.01584840464083322
5.185843652 100.25930484763155 0.513542085605 0.011733468198724598 95.03474176090644 0.527227882092 0.01505738552301618
5.3877762444 109.48731846388465 0.510766922712 0.011374114598884278 103.23403017382364 0.525756313578 0.014585359414107105
5.544760385999999 117.5070412571378 0.507560502043 0.011101913275246528 114.91554260294949 0.513163452353 0.013791802206268257
5.7312629132 128.9477418126955 0.501040616005 0.010746493327182534 127.76772027340877 0.503315578774 0.013087188125436876
5.903677119999999 139.04780697441964 0.497175700835 0.010441813203516464 140.0980055001943 0.495334295363 0.012518500268004036
6.090179647199999 150.26501918354253 0.493521821638 0.010124715436618886 154.66634602984035 0.486540186768 0.011914289164502883
6.2518598956 162.70892927118095 0.48703176706 0.00981408850723369 169.4891252199296 0.477310081211 0.011395091200785218
6.408173164800001 176.15765463530386 0.479934241664 0.009513719869760634 183.026800279623 0.470946621281 0.011007821017685585
6.5725369028 187.69084109794593 0.47698627389 0.009280676949702754 194.8330293095127 0.468259904061 0.01070299161224549
6.7436093648 201.15422945753295 0.472854899071 0.009041525564381736 214.517895985523 0.458045569183 0.010206167467405467
6.9052896132 215.95208411055856 0.467426112331 0.008797321034571513 234.27557263588136 0.448957848632 0.009764706860509067
7.0696533512 230.30274548320307 0.46349922119 0.008596941001173482 256.16513476552706 0.439702180317 0.00933861501694288
7.2413966856 249.08152269913842 0.456633056455 0.008319007194432735 280.2559284894037 0.430715578014 0.008941459726617631
7.399051699599999 268.3659678363641 0.449608786666 0.008070585161390397 303.9187559592831 0.422716548664 0.008593073125629524
7.574149396 290.01166523111095 0.44284524319 0.00781760472089883 331.6176591028536 0.414356608052 0.008239884230789895
7.759310178400001 313.6557276439827 0.436335416782 0.0075760633600979515 357.80317009664583 0.408735689491 0.007956998737528118
7.903547744400001 335.2510401632998 0.429975636558 0.007370018683797938 386.95256984851386 0.400428293953 0.007655134797380041
8.0390639692 359.1436272020167 0.422632750433 0.007163190307486851 420.9792137033586 0.390572489006 0.007331808479397023
8.1806180456 385.40830103897684 0.415240742978 0.006961645013260304 457.5641278280765 0.381306032054 0.0070388494135361765
8.332906080399999 409.6791297316357 0.410310076167 0.006789646445544234 505.2357252851587 0.369710818083 0.0066906270167682354
8.438233047199999 438.2736384123024 0.401785347206 0.006595776517647882 555.4243667485655 0.35714527942 0.006368293864579178
8.546243503600001 469.1900333779983 0.393360156038 0.0063915565389868305 607.9583908120018 0.345800461119 0.006071369969326295
8.681088855999999 501.19274699278066 0.38665645273 0.006210754306660381 654.1700653727136 0.338666738844 0.005858758994464621
8.8233138048 537.4657365928471 0.379554823747 0.006029498672748596 700.33015749355 0.332714850354 0.005677209266152348
8.9742600948 574.7310958544782 0.373372141183 0.005861682986803461 747.1769707393627 0.327658165693 0.00551419941447784
9.1091054472 614.240212778321 0.366638823929 0.005693405689186269 791.5402220628471 0.323153920858 0.005371290320989888
9.231204223999999 656.178388518851 0.359528939305 0.005535791711134022 838.917796277338 0.318130337137 0.005233468692599741
9.3492777664 702.5354541221436 0.351953205759 0.005378086091983943 882.7410456127227 0.314121366776 0.005121177241547119
9.4854648636 746.3412974509458 0.34647653409 0.005245783298429008 928.5774985060027 0.310751087045 0.005012831834174052
9.637752898399999 784.9662339395426 0.343293205951 0.005144310048987163 982.9937948428891 0.306897276372 0.004889359557684902
9.7383837584 818.1493129455629 0.339791439843 0.005060898441170891 1054.1252550469842 0.299484348591 0.004724406797201471
9.857128173200001 851.698303723798 0.337111065096 0.004979251796400066 1127.8220018152597 0.293088877292 0.004570707166978664
9.940316350799998 886.8482341207138 0.333171053856 0.004897771804008477 1214.907105224702 0.284798730325 0.004402185267190549
10.004720101199998 919.3411851060843 0.329368244963 0.004822929356386897 1313.01870268453 0.275752434222 0.004228385214813246
10.076503448 951.6539766137201 0.326066814174 0.0047555701615866666 1416.3857813964175 0.267427059932 0.0040686042586295865
10.14694505 986.4953769641133 0.322511946093 0.004682259560442281 1523.5606635502434 0.25967158637 0.003918646877359388
10.2032983316 1029.5228486858468 0.317473578554 0.004593317067367389 1629.2801397412024 0.252516845064 0.003786788442433676
10.26434772 1075.0786368966299 0.312552052526 0.004503933226212884 1732.621056444275 0.246349451814 0.0036717924174853893
10.311979660399999 1118.48202233706 0.307866366886 0.004424643709333889 1847.3046807375629 0.239700798476 0.0035547153173167353
10.385104752 1159.7895037207331 0.304491438763 0.004353439143408436 1957.516811051118 0.234517254992 0.0034528066638340117
10.4327366924 1202.2828864450692 0.300447523513 0.004283194227949763 2067.3311534889003 0.229260142855 0.0033602286182379216
10.4783560156 1245.9098629525568 0.296444083198 0.0042142106940703025 2179.3806638937845 0.22427411347 0.003272631831531894
10.540076276399999 1293.3315848533236 0.292685038894 0.0041425060350814506 2289.4343990213997 0.22011362623 0.0031935023070727092
10.5836829824 1341.5776265409204 0.288575456433 0.004074353837325039 2400.390919253371 0.215862478018 0.0031201347373820743
10.6380236468 1393.246872502088 0.284639812095 0.0040042477084082494 2511.8015240698496 0.212110500233 0.003051717509285094
10.6930351836 1449.47623129321 0.280519319947 0.0039336641827186734 2624.4334079110267 0.208587702533 0.002988814202333174
10.747375847999999 1513.0319336213806 0.275972276222 0.0038567920165368044 2737.631640035901 0.205272675949 0.0029297578651625213
10.814463088 1593.6518689219379 0.270593996694 0.003766218368028201 2837.5701075880243 0.20288790164 0.0028832665205428066
10.917777437599998 1682.6064063304214 0.265873050788 0.003675280374130915 2924.823547756299 0.201750466737 0.002848223223273831
11.0043199772 1776.1340470021564 0.260842171408 0.003586229222809397 3013.080265293577 0.200352066838 0.002813573508115112
11.0908625168 1879.9374745762166 0.25554502461 0.0034944368725976127 3107.452171476619 0.198840598085 0.0027775820157923837
11.187468142400002 1972.8157546966795 0.25163952367 0.003421119330980257 3198.518280038741 0.19769901954 0.002746050614532578
11.261264106399999 2064.103206800068 0.247643683014 0.0033519062199817555 3292.643608343553 0.196140602782 0.002712144413485892
11.348477518400003 2158.6675930389574 0.244042156677 0.0032860769473833486 3387.291446071829 0.194880814353 0.0026807298115431822
11.42160261 2243.72009130299 0.240921118085 0.003230791327286598 3478.74281923796 0.193543457 0.002650899378304083
11.486006360399998 2311.7187739767764 0.238694552309 0.0031878325111030525 3581.679249679919 0.191819976389 0.002615586095911773
11.526929576799999 2364.9862480893335 0.236835668837 0.00315627696858601 3706.2936059136123 0.189242573959 0.0025732808403903912
11.5665110484 2415.659311235173 0.235146494995 0.0031262530007619854 3838.2222279964117 0.18660333994 0.002529449834749467
11.5879789652 2467.78615279978 0.233085137238 0.0030950188415761865 3969.6171149838347 0.1838325017 0.0024867951616147316
11.6121303716 2530.612938592019 0.230657409043 0.0030586329326819785 4108.077780784191 0.181087372102 0.002444602939198863
11.631585671199998 2595.7346258065604 0.22813132011 0.0030219188499107756 4241.468430662876 0.178518195282 0.0024059170601187013
11.6483574812 2674.795666419126 0.225063270918 0.0029790043529542795 4375.408577403961 0.176020339948 0.0023688220516723505
11.6758632496 2767.154731458201 0.221802936962 0.0029309046214385168 4508.419003482244 0.173815927503 0.0023342839908625512
11.712761231599998 2863.427237054968 0.218736137583 0.0028833355120932006 4637.723202626716 0.171919138705 0.0023025474900826184
11.7382543828 2972.800746189673 0.215146946217 0.0028322136215796303 4760.662792662681 0.170055812844 0.002273978884357878
11.787228068 3132.3661297606136 0.210476391735 0.0027621439187910496 4878.878660930656 0.168685186223 0.0022487249696501502
11.826138667200002 3302.504371261498 0.20566594087 0.0026940348195802493 4996.272085107258 0.167243301753 0.0022254720442551183
11.882491948799998 3523.1019343955873 0.200078798854 0.002611763641662311 5095.68851195429 0.166393913748 0.002206964915298335
11.924756910000001 3750.9263798832676 0.194603386388 0.0025353846539400166 5202.470357347848 0.165264260196 0.0021879243543061963
11.9797684468 3999.291249556022 0.189339098047 0.002459466019148345 5302.776847227118 0.164449799512 0.0021709921778092114
12.056918772800001 4255.202058427481 0.184744425403 0.00238899394181523 5391.630290830093 0.164140041799 0.0021575654948138463
