0 0 0 0 0 0 0
0 0 0 0 0 0 0
0.5018125552 1.9839265536075905 0.342642272995 0.02991855766815959 0.779214924128642 0.519664741372 0.09539923807540984
0.6668471656000001 3.1068802018514416 0.365874236903 0.02806127119392413 1.3549894425028013 0.533511791968 0.07936064063089959
0.8278565416000001 4.552434904381964 0.377052323742 0.024810335437023705 2.219095473510955 0.525652875043 0.06469396573395328
1.026434772 6.005104386445804 0.407706921735 0.023520041596375992 2.8014896124697435 0.580575395839 0.06389827503232083
1.1914693824 7.322257678282405 0.429114199149 0.022832711111837368 3.942180738278502 0.573131212794 0.05499764053037897
1.3363778208000001 9.080813943720807 0.433212701724 0.021718156561433406 4.931280677660427 0.577291028991 0.05051142696453046
1.4953745796 11.053761121961532 0.440165778937 0.0207776508308941 6.531324294862535 0.564692335338 0.044742595064219286
1.6543713384 13.366942987864801 0.44361510142 0.019791508488792475 8.31744931667586 0.556043467998 0.04007186477430881
1.8529495688 16.032289264796315 0.454260168228 0.018787237600845642 10.066189499389047 0.567355799358 0.037568167737908435
2.0112754552 18.595307632170776 0.458361974911 0.018058659648037267 11.402750158579048 0.579280744413 0.03637581264259278
2.1930818756 21.142743752815903 0.469043136923 0.017654281848757815 13.104503155029768 0.590003254844 0.034955392658810196
2.3453699104 24.01693497344447 0.471089383998 0.017131256552488237 15.06448703481736 0.589531977413 0.033204160696855035
2.529188948 26.984451758363928 0.479559606953 0.016729362797004144 16.50656088242808 0.607558607746 0.03270809914417524
2.7022740272 30.19481874537756 0.484696851995 0.01622828379962524 18.93873761258397 0.606993777423 0.031026764835547702
2.8512077000000002 33.52559435965839 0.485682098806 0.015757468541952216 22.790889825434036 0.585393826977 0.027964044764263188
3.0135588208 37.65324595500796 0.484767943612 0.015274372351254966 28.307559156014722 0.556778253211 0.024744835066646785
3.1926817516000003 41.68665413977335 0.488370862425 0.014799041132472022 32.13644335708193 0.554233068951 0.023443182353875637
3.3436280415999997 45.620302652547245 0.489168797923 0.014430150522325456 36.6479871411852 0.544228093783 0.02199836084707666
3.5053082900000003 50.73879486856371 0.486594095038 0.013920043620039214 40.90538374244458 0.540509228886 0.020937958175187867
3.6783933692 56.927386822285584 0.482411946787 0.013401610006288896 45.15120905717202 0.540232104098 0.020214849829927804
3.8481240864 62.44488547219277 0.482090926806 0.012987270533158716 52.19693478510593 0.526279814681 0.01873736293911093
4.0440188272 67.73746709300059 0.486587366114 0.012740846141023386 58.31583712337854 0.523615511604 0.017882178940206085
4.2191165236 73.26289823608143 0.488302338917 0.01246154821620799 66.36887960985334 0.512545389048 0.016778581314088388
4.42775784 79.77303084172264 0.491259045179 0.012162060187101045 73.00344369688979 0.513107305095 0.0162032740370607
4.6384117736 86.44411740204828 0.49452165128 0.011959063451580702 78.45681948795554 0.518628685065 0.01586969186497663
4.8188764492 92.33656615749226 0.497216395708 0.011728849329107666 84.62348407108324 0.518984717062 0.015413669079305642
4.99799938 99.48724456980291 0.496976158708 0.011480177719549005 92.79012823092988 0.514297811711 0.014822741159108041
5.1335156047999995 108.79715800809784 0.488363565983 0.011140465680073108 102.85228751224277 0.502057904512 0.014067410551540092
5.3112967908 118.57464893188939 0.484183251088 0.010786073817759064 113.17388187392216 0.4954301451 0.01345682531749378
5.4669391875999995 127.95726115940718 0.479912830833 0.01047803238436127 126.15074058901735 0.483288956107 0.012718940784143394
5.636669904800001 137.8763330904871 0.476823993215 0.010241701795286847 137.90089043375838 0.476782098226 0.012221280361959125
5.8419568592 148.89130394595168 0.475685672861 0.009962981288001119 149.94334558482936 0.474035166825 0.011806279573550297
5.993574021599999 160.3822477208771 0.470365890522 0.00968608751971943 161.18798465208855 0.469203054254 0.011432244624506982
6.198860975999999 174.21221978377758 0.466903430367 0.009387830198543331 177.06765339987896 0.463166711087 0.010956199563140553
6.3853635032 186.0161304334229 0.465536351016 0.009167783597730801 193.94462045857853 0.456025770611 0.010504696199518184
6.5503981136 198.2974907865093 0.462640828164 0.00895453150510001 208.9607790899196 0.450805945645 0.010161087691346504
6.7046987656 213.3646426408714 0.456632662029 0.008715270973387946 225.4909330438639 0.444307391321 0.009809026660181595
6.844911097200001 229.0071172153536 0.450091776938 0.008486145470942657 246.6745461454179 0.433825863704 0.00937879402139346
7.0099457076 246.06871667914282 0.444778453145 0.008261238067923485 268.6265722859576 0.425860665165 0.009001062307308853
7.1930938728000005 262.059088065183 0.442330884178 0.008071191532621548 292.12692084279706 0.41914288605 0.00864988274951793
7.3473945248 279.06083490134586 0.437919881658 0.007877883503865217 314.27078739644855 0.412859368643 0.008361288856815332
7.5131000076 297.22951875263607 0.433969095454 0.007682125717990288 338.27361429924173 0.406995168706 0.008079475009367908
7.6620336804 316.90053278294255 0.428693047067 0.007497252717360431 367.22748032872994 0.398452574341 0.007768892206332044
7.8331061424 339.69508828104756 0.423382570611 0.0072943244971891185 401.2789485896498 0.389768731666 0.007443911399340061
7.9793563256 362.02293016433634 0.417845787488 0.0071138396407675625 437.894187872534 0.38016510088 0.0071264203170601234
8.100113357600002 386.8870243547717 0.410387415337 0.006933128723310984 474.4494617104605 0.370823568787 0.006855365220164239
8.241667434 413.5915118007935 0.403920962229 0.006743168298421352 518.9376805858503 0.360839403436 0.006557400825266438
8.3852341276 440.95604286667685 0.398061118125 0.00656300706134497 563.9397299058412 0.352231251146 0.006291804640723678
8.5475852484 468.08017396039327 0.393885068572 0.006400824786009797 601.4549822647521 0.347710697145 0.006106946875225869
8.6763927492 498.83490150300923 0.387354897883 0.006231632521615283 648.6506961900227 0.339914627809 0.005889585723258978
8.808554612 529.4215307749556 0.381773843709 0.006078048735789795 696.6641931380408 0.333028608534 0.005692351191886444
8.9420582196 564.1880279586399 0.375477875909 0.005915642055365697 744.2335047964363 0.327127204568 0.0055193737352825425
9.0648278688 600.576091018781 0.368967818908 0.005765296953460832 787.8951158001274 0.322326315854 0.005382840964277414
9.197660604 634.5789967565594 0.364242355274 0.005634435208114818 839.8553241336833 0.316800109502 0.005224248895083861
9.325797232400001 670.2969045271813 0.359376725471 0.005506816216048474 889.2793524497714 0.312183852081 0.005088892870291724
9.4787561396 707.2761363127593 0.355624029789 0.0053878710145005716 944.9684236807685 0.307835758299 0.00495191216189293
9.6089053852 744.2248076802421 0.351472451803 0.005278808598060285 1008.673986388022 0.302072472978 0.0048036747306024336
9.7115488624 784.7983594213334 0.345953258829 0.0051609662535371265 1080.127892621465 0.295054370691 0.004645117072804993
9.813521467199998 823.7285601665666 0.34125096484 0.005056142535652287 1149.9653169555431 0.288979184703 0.004506157657813827
9.9034183688 860.6982003687469 0.336922491376 0.004964244073987068 1230.404750401719 0.281955183841 0.004358586292496059
9.9872774188 901.4991860609839 0.332020958199 0.00486706784567113 1322.0361361914076 0.274334237327 0.00420541666714777
10.0610733828 942.6482284281136 0.327114405792 0.004774429686531989 1412.6810689019956 0.267367101491 0.00406950472641311
10.144932432800001 983.4815397151561 0.322940087297 0.004687686153571394 1508.869220456848 0.26087819478 0.003937854667297149
10.2200701416 1026.0872245464993 0.318524741439 0.004600793790439573 1609.231183727589 0.254498913687 0.0038133253482191816
10.279777785199999 1070.304019426969 0.313716357314 0.004514621400714354 1712.1400844059417 0.248187759544 0.0036962587462834647
10.324726236 1112.2979547772984 0.309099403279 0.004437859646464642 1818.945182862807 0.241856997109 0.0035853979138274917
10.3971804552 1153.5062208261177 0.305671635242 0.004366912020975922 1927.5807472365761 0.236602630227 0.0034841294249770543
10.472318164 1198.0966395356577 0.302110666142 0.00429294026573742 2037.4728403484178 0.231806449247 0.003390503098107086
10.529342318000001 1246.4218124843328 0.29782350994 0.004216103744667648 2148.833548774395 0.226958137786 0.0033021115571290733
10.5836829824 1298.0425537265887 0.293361947359 0.004139259328193963 2248.437050171107 0.223026401003 0.0032309852665716988
10.6454032432 1355.963362785481 0.28871633778 0.004058563791087851 2353.4812312617114 0.219270312486 0.00316147701085077
10.7225535692 1418.8640558461514 0.284303495815 0.003977142157530426 2455.1307825291 0.216244586777 0.0031002327139255073
10.8070834916 1485.8962500660732 0.280020024859 0.003895222082939026 2552.516807663793 0.213755930923 0.0030459746589138093
10.888929924400001 1554.7917426428464 0.275831170051 0.0038161101271499374 2650.0830952057718 0.211377351173 0.002994808997458366
10.958029781599999 1633.9097496911677 0.270790911222 0.00373247349928743 2750.903556547663 0.208788630607 0.0029456838638888443
11.0278005112 1710.3484507193255 0.266367296107 0.0036562961711815653 2851.2410298822447 0.206391753412 0.002898859465401303
11.092875134 1792.7455965843583 0.26172055724 0.003579929276207795 2953.719094918853 0.203980208859 0.0028538494184820935
11.1680128428 1875.7630688722418 0.257606497492 0.0035073950270991935 3050.2679473129333 0.202088786779 0.0028138470839833073
11.225707869199999 1954.308779661015 0.253689310434 0.0034425861703466162 3145.0601124151085 0.200051223639 0.0027752044275527114
11.3035290676 2036.8422465564831 0.250227139078 0.0033803880811405303 3252.610260070704 0.198082809817 0.0027344709121889872
11.3739706696 2109.4275770309077 0.247423080688 0.003327315222583399 3358.0431253686465 0.196166155354 0.002694714506059786
11.4397161648 2182.229743676101 0.244673103568 0.0032760506030709807 3471.5626834312916 0.194050374767 0.002653033222548043
11.4913733396 2250.32807995754 0.242036029116 0.003230537837753496 3590.823488243115 0.191665309142 0.0026107627345848114
11.532296556000002 2317.261621592848 0.239369404026 0.0031879554940772415 3718.3912362519104 0.189022718061 0.0025675194420051142
11.555106217599999 2378.551670420701 0.236737238862 0.003149150474125898 3846.622856113871 0.186215969096 0.002524803390028856
11.5738906448 2445.340008128995 0.233866328858 0.0031081519194920033 3972.7684558674914 0.183536345536 0.0024847439930738347
11.598712923599999 2523.222317566686 0.230727745769 0.0030619595703354993 4102.029460541212 0.181011404975 0.0024457157911234005
11.632927416000001 2594.4775507642307 0.228212800645 0.003022772044456592 4228.016394882749 0.178822316704 0.0024102868069324304
11.6644584188 2683.2671928547866 0.225018600625 0.002974710109106223 4356.099518210328 0.176653413995 0.0023755190466110032
11.686597207999998 2776.8059018720933 0.221621101135 0.0029265119011090295 4478.42104018507 0.174556849419 0.0023438139692020755
11.742950489599998 2901.507524452725 0.217857656846 0.002866423265663227 4603.876920804335 0.172993948314 0.002314045994874565
11.789240685200001 3046.2388923953395 0.213463727389 0.002800000675111241 4717.068221536069 0.171580924142 0.0022878776954204628
11.827480412 3206.997585490926 0.208725879908 0.002731997112603274 4829.207429406008 0.170128540455 0.0022637004842742557
11.870416245600001 3388.2464144571927 0.203809847834 0.002661754586032223 4946.172657311493 0.168716570441 0.0022398901830184095
11.9160355688 3589.2414809456527 0.198788113647 0.002589399064235283 5055.625540460958 0.167522779796 0.0022182672921218474
11.969705360799999 3799.7291284771277 0.194079366052 0.0025207038024660055 5164.593312736992 0.166493686084 0.00219822812024818
12.003919853199998 4025.032199477299 0.189113596775 0.0024529792839290934 5272.32040103747 0.165256106268 0.002178917298903608
12.056918772800001 4255.069896945646 0.184747291737 0.0023890752263835565 5391.314007889123 0.164144852809 0.002157668744069722
