0 0 0 0 0 0 0
0.3361070724 1.1330852860253182 0.301804374905 0.032308465642210175 0.790802248182919 0.355045243897 0.07004932231244791
0.48638249000000006 1.9779877287242524 0.332940595764 0.03205656908653923 1.1293462511038483 0.429618835927 0.07314263916760778
0.6514171004 3.054214664061628 0.360547872412 0.029545071029997087 2.21031439866234 0.41891650704 0.05375290014134469
0.8305400312000001 4.195896994690817 0.393079739653 0.02850740129074634 2.5228112089861114 0.497550096979 0.05892345257356275
1.013017324 5.778040758819518 0.409937749559 0.025628270915603206 3.2555571195461237 0.535555632134 0.05652155110164978
1.1572548900000001 7.186533603335262 0.420815984078 0.02379489646248115 4.448748447572745 0.527140422924 0.04871072829739145
1.3377195656 8.981082808310287 0.435930635574 0.022380532260984062 5.778193874348844 0.536871836998 0.04460426529877895
1.5081211552 11.321263837077542 0.438780986703 0.021001658484206518 6.811649815308298 0.55827616351 0.04314712905244275
1.6684596588 13.223318797371116 0.449649067846 0.02026324464546695 8.20889047275277 0.564113216923 0.04054559123827884
1.8630126548000001 15.91344752709543 0.458323323502 0.019144173844291883 11.817591420880593 0.528562032717 0.033231265777260335
2.0213385412 18.37567912024556 0.463267465931 0.018415421828424445 12.970845701566338 0.547543159915 0.03308852336133146
2.1850314068000003 20.791742024469674 0.471149245222 0.017800284258239922 13.95483624972254 0.570571491183 0.033172614970060126
2.3540912516 23.5780353957591 0.47705844418 0.017215319253774092 15.300754007983693 0.587300768584 0.03259722525394481
2.5479733752 27.420330259573642 0.479326608652 0.016539730288295612 17.7546054191948 0.591037618668 0.03108401003108262
2.7331341576000003 30.167945552879207 0.49036535281 0.016320228396852297 21.623983135776786 0.575979133964 0.028088404222897538
2.8793843408 33.32696912474147 0.491836300452 0.015825365132543026 24.107531464174823 0.575310869361 0.02687391898152638
3.0383810995999996 37.756997483192514 0.488055128721 0.015299969406015312 28.12899680268609 0.563006737522 0.025010630782884402
3.206770072 40.623734949723804 0.496716637927 0.015070328632768259 32.10804929552073 0.556878953823 0.023501057784927244
3.3751590444 44.79189694776357 0.498163960333 0.014646651388685965 34.915204595930454 0.56234763797 0.022894606990239208
3.5214092275999995 49.46899833842598 0.49489772087 0.01418117480644258 39.697758431764484 0.550927528665 0.021506499211049544
3.7058991376000003 54.32756841478665 0.497226745132 0.013742496527735275 45.60014213481569 0.541603005961 0.020066263336958476
3.9131987091999996 60.48983876800042 0.497858469381 0.013288150780052979 53.1049800811785 0.530587300797 0.018661466079817092
4.0748789576 65.76154025840466 0.497431632674 0.012946418849846715 59.41726821915592 0.522761982036 0.017694672415366732
4.2506475264 73.24790454626157 0.491967023707 0.01241203925679696 66.33785280794172 0.51645486117 0.016834276579143992
4.4123277748 80.42239382124389 0.487616851417 0.011981562781153521 73.56645634817507 0.509413867991 0.01603156542399961
4.5914507056 87.30562239827307 0.487177454482 0.01165614809066408 80.59150869407414 0.506707846278 0.015417776443628756
4.7980794048 94.59506547299225 0.4892403864 0.011398511083298698 87.41928167213582 0.508582902347 0.015016422923143207
4.9859236768 101.99595239383193 0.48974736137 0.011142080194308185 92.9835002773767 0.512541401961 0.014750548469099399
5.1543126492 109.92713863864545 0.487838651829 0.010884596375099587 102.20174202013487 0.505651150099 0.014115299995936397
5.3341064524 116.84360827682275 0.489783287859 0.010717291734219704 111.01270564454579 0.502286806333 0.013642083984623136
5.5226215968000005 125.72916383892826 0.488982624921 0.010469529346630363 121.00584870674176 0.498296388264 0.013144060426940688
5.7084532516 136.697684137465 0.484904709994 0.01023792203631857 135.34147983904612 0.487295109464 0.012434264008677032
5.880196586 149.83438708021401 0.477289530266 0.009883211937519282 153.8938903517719 0.471031573518 0.011616216594307944
6.0673699856 162.48815218828165 0.473063951492 0.009587944011408566 174.17220095109155 0.45710750544 0.010891985564570656
6.2485055335999995 176.20006877937755 0.467989447586 0.009278546687744839 188.76981433714414 0.452313904186 0.010504407898718362
6.4363498056 190.55067392218976 0.463678064139 0.009017063042120362 205.3352553752366 0.446850598449 0.010118587816173495
6.614801864 206.16355172654454 0.458261033138 0.008774092198706437 223.00646572884236 0.44079029366 0.009752793430905366
6.750988961199999 220.3412330361588 0.45250574949 0.008558971824819827 240.28101452749175 0.433503665713 0.009428354543713147
6.9388332332000004 236.41073313915777 0.449105997979 0.008344036047330059 257.9142348766625 0.43014875491 0.009155569770699631
7.0790455648 253.69480170264657 0.442402632752 0.00811120434789718 279.6312258895818 0.421565180272 0.008805094057817462
7.2702441988 270.07380153212034 0.440429622243 0.007931975045653256 297.81356089164365 0.419588871923 0.008591386593393003
7.4312535748 287.35272106715894 0.436514286784 0.007760190988398157 324.42457312511965 0.41101695265 0.008254054870043138
7.5962881852 304.16629063850576 0.43376355867 0.007599988598859075 350.56498719464776 0.404259221252 0.007956760202495475
7.761993668 323.25757151377013 0.43000612578 0.00742557336884447 380.20321409119833 0.396732363891 0.007644547487544658
7.9022059996 345.3827208083554 0.423598535693 0.007234433865294797 407.28613550406544 0.390304138754 0.0073992900596686
8.0243047764 368.1639329599876 0.41669714246 0.007049705482110066 444.1962934648443 0.379594735212 0.0070793917274810615
8.191352003999999 389.60811798576344 0.413552196328 0.00689561875276138 481.0220751409686 0.372432367316 0.006811785543267167
8.3060711844 413.54608677613163 0.407089147722 0.006727210585585154 531.1706775745189 0.359461672465 0.006467432400746053
8.4087146616 438.93862283383555 0.400082781996 0.006562034948325041 578.3262617032156 0.348815520037 0.0061917972557175354
8.530142565999999 469.96451251958536 0.392299584249 0.006368244614465456 631.3475603704219 0.338725935716 0.005921640839973126
8.6555957048 500.32237241498274 0.385857495085 0.006199862752683841 680.8957864052373 0.331009442498 0.005707274654245079
8.7911119296 537.6215554596592 0.378118811307 0.0060119497164896184 733.7022565897194 0.323906788107 0.005507270984631532
8.9272990268 573.5068623002227 0.371817525814 0.005852454080257043 783.6973496902525 0.318291088132 0.005345896520331076
9.0849540408 610.1607082674396 0.366883508501 0.0057046379590215465 830.5052332247673 0.314675276772 0.005214368761343835
9.214432414 651.0125217267147 0.360291665663 0.00555164495536048 879.1499833228581 0.310228072173 0.005085842637292995
9.34189817 694.8998199336061 0.353594324808 0.005398997114912902 925.7076290659173 0.306528031103 0.004974551033219588
9.4619843296 734.0218075381157 0.348496702408 0.005283691042421453 968.6080420797331 0.303531244351 0.004882434305745354
9.621651960800001 771.669600305574 0.345648889766 0.005178076849028004 1018.3351893888032 0.301038826406 0.004778781567852043
9.753813823600002 815.4023863042489 0.340899267674 0.005063554151504324 1086.1126437156681 0.295521399699 0.004639397459432359
9.856457300799999 849.6702520314154 0.337488676434 0.004981730306190899 1149.9528834543744 0.290243286752 0.004517149999121806
9.9530629264 889.7355136909209 0.333057777942 0.004885033650866557 1231.9106711384352 0.283193907133 0.004365591062740331
10.0436307004 931.8730310913915 0.328424102054 0.004790603859262267 1322.8374522980225 0.275796859861 0.004214308497897658
10.106021833600002 968.9180031737817 0.324103981566 0.004711731508269592 1419.3243305396957 0.267932404944 0.004066217768589547
10.161033370399998 1006.0380081882568 0.319817383583 0.0046352475042565466 1520.666193751226 0.260278532331 0.003925651231101732
10.216715779600001 1043.903789264939 0.315700278991 0.00456229969192745 1623.5446562944223 0.253293854889 0.0037977483068964246
10.2804486576 1086.0526318346538 0.311460961695 0.004483739638879788 1732.2956549570458 0.246758628841 0.0036752022842427854
10.343510663200002 1126.8443330132532 0.30766182794 0.00441049841461317 1840.0335324197686 0.240906750468 0.003564494579148531
10.387788241600001 1169.3431832970673 0.303326940335 0.004337606479464012 1954.2482476528814 0.234773543016 0.003458329752813763
10.442128906 1211.4383022989932 0.299582386594 0.004269431294048551 2066.1890245888544 0.229529670195 0.0033635815801161197
10.5199501044 1256.6270148320987 0.296350874276 0.004198670682585074 2173.7432874910237 0.225454972383 0.0032807766875397578
10.5709364068 1303.3643148034068 0.292411918447 0.0041299574218004575 2285.1237493472318 0.220965399476 0.0032011686092911465
10.6427197536 1354.0096631115655 0.288851277409 0.004059495963914462 2396.0656265280068 0.217261234249 0.003128330724303109
10.6890099492 1408.9516115787294 0.284407926718 0.00398668789263588 2511.2141016647734 0.213151282579 0.003057703917462672
10.748717592799998 1467.9641402533014 0.280201347796 0.003912302777014424 2623.040019701126 0.209728760039 0.0029950922853831017
10.7970204056 1534.2320146855625 0.27532789068 0.00383259006912685 2723.6470508134225 0.206748301236 0.0029418913589426936
10.858740666399997 1604.3262729105556 0.270797281939 0.0037568002306301693 2828.3980025694577 0.204047682136 0.0028923998368467646
10.933207502800002 1681.5433376816165 0.266332369293 0.0036768441665750015 2930.433716442953 0.201842177066 0.0028467496689361252
11.005661721999997 1764.6585601184763 0.261719043099 0.0035971113890710155 3018.8244820343875 0.200185983165 0.002810522526629945
11.093546006399999 1862.7022774714403 0.256784282255 0.0035094060799037096 3113.892950280508 0.198683126712 0.0027738992772697968
11.1485575432 1951.6511127888223 0.252118606333 0.0034360654694867306 3203.3474330900744 0.196863425593 0.002740504261889214
11.227720486399999 2040.5892280396572 0.248322609676 0.003368535174330718 3300.867963520636 0.195313197465 0.002705734148064928
11.3203008776 2127.610887949893 0.245203930038 0.0033070110392825897 3389.916358731774 0.194322027459 0.002676260323170632
11.394767714 2211.1398929549127 0.242116838187 0.00325178111631294 3493.163066509594 0.192690449554 0.0026420209043129562
11.4605132092 2288.2496451208417 0.239381424167 0.0032033252895575922 3604.9770591339848 0.190775652353 0.0026053289001672936
11.5349800456 2356.4544785617686 0.23742890025 0.003161961412669151 3715.4712321898223 0.189140882561 0.0025696589777221696
11.553093600399999 2407.814080572343 0.235255653136 0.0031299829973142662 3837.2503201790832 0.186410562814 0.0025284407849865674
11.5705362828 2460.513187165976 0.233077738079 0.003099060458467275 3970.364092368167 0.183538672926 0.002485953061552629
11.5920041996 2523.822842927065 0.230567000259 0.003062149058424286 4106.4619008349 0.180809188405 0.0024445338959294114
11.6114594992 2596.0210659711565 0.227724331433 0.0030214589922513617 4240.846475256959 0.178222500891 0.002405907028586424
11.646344864 2681.5000302542176 0.224743336625 0.0029756285122763235 4377.225599081177 0.175953441541 0.002368888387048197
11.6778758668 2766.9497394912673 0.221849349215 0.002931637646897331 4509.761604106379 0.173820018523 0.0023347289799661554
11.703369018 2860.9013665817956 0.218657187409 0.002884781685706791 4642.8519328915745 0.171686512513 0.0023014861404476042
11.7409378724 2981.8756022909056 0.214868821332 0.0028283568877735888 4768.497008373625 0.169955005407 0.0022726519072624597
11.783873705999998 3135.766285930936 0.210302565521 0.002761355080997003 4886.135480429118 0.168512027017 0.002247626396685147
11.824126049999999 3298.962880545453 0.205741173707 0.0026952746323390788 4994.310054877533 0.167247667198 0.0022256623044719123
11.8818210764 3503.366249329812 0.200629608757 0.0026197503380454646 5092.428080924338 0.166437737013 0.002208029984515271
11.9368326132 3736.6874754997452 0.195170752338 0.002540170173324046 5198.744490038692 0.165490777843 0.002188655508289893
11.986477170799999 3973.6118925701494 0.190055619606 0.0024670151860414677 5291.832400091324 0.164711792323 0.002172949776564398
12.0575896452 4255.364531036713 0.184751176389 0.002388970633895652 5391.42705179693 0.164152263108 0.0021576305714435078
