0 0 0 0 0 0 0
0 0 0 0 0 0 0
0.5548114748 1.1785001856597754 0.477252483903 0.052996407164998455 0.5821378644210835 0.642275000737 0.133467591550391
0.7359470228 1.6930638518531138 0.530642308522 0.047243060149111366 0.8673987632140311 0.705785965533 0.12239468789462044
0.902323378 1.8705627637023838 0.615177251485 0.056780259950632385 1.1616812406427086 0.753690587872 0.11509787324529323
1.080104564 2.617550468396201 0.628151207841 0.048970872651745316 1.4527055755191656 0.809801026748 0.11147394747647861
1.2793536668 3.200967656099481 0.673968534899 0.04854281821023096 1.902305792754817 0.845090407766 0.10372724981511726
1.472564918 4.11150466166482 0.688301410001 0.04604545848517226 2.5352632996870925 0.851854509171 0.09362508815108338
1.6389412732000002 4.946188444435415 0.701001498577 0.04471087525215074 3.6144986655733184 0.806817358373 0.07769480782809231
1.834836014 5.572184038412569 0.739603248249 0.044090046273278775 4.2617824661957995 0.834312398228 0.0749128806605245
1.9844405591999998 7.263050053790615 0.706134163013 0.03934268618865332 4.985370529875668 0.837862122579 0.07123337247270557
2.1649052348 8.539266263946256 0.712450200497 0.03704969884568592 5.915821583721721 0.842711125541 0.06660040163226504
2.3735465511999996 10.05111596856495 0.721773753381 0.03463492469833758 6.978167579009579 0.853681015112 0.06265212376101739
2.5620616955999997 11.7631095689041 0.722096597605 0.032069239647465136 7.933138505288714 0.866282389802 0.06016005737562368
2.740513754 13.173206382405999 0.730926402339 0.03086014466856841 9.313971536276886 0.85859637037 0.05576285990387024
2.9283580259999997 14.72053752667512 0.739829210813 0.02968368683194259 10.633638814603254 0.860912602802 0.05267944856951856
3.1504167904 16.468391950672117 0.753357678711 0.028975975808970364 11.996437143742272 0.873583763867 0.05087420451212417
3.3074009319999997 18.780648508013233 0.742287162966 0.027324997115243135 12.92501032957118 0.884403170924 0.049839230945698816
3.4509676256 21.237316473927322 0.729824062348 0.025938024347970462 14.188058529074732 0.882361439577 0.04790916739527314
3.6549128352 23.717118321699395 0.732357838883 0.02484701508752374 17.111923090140692 0.854597984805 0.04320979061905602
3.8286687868000002 26.27037487699195 0.729865769443 0.023628115372285898 18.660498479516267 0.858333526882 0.04181009071890775
4.035297486 28.77674016786744 0.73561037366 0.02278130867567242 19.885699768210554 0.876634836041 0.04137581898608395
4.203015586 31.856741206770476 0.729128928213 0.021683560498317118 23.021973494914374 0.851161212819 0.03799028545538966
4.3767715376 35.00854773757788 0.725057244091 0.020993717919734672 26.382788694207367 0.830039043756 0.03520342452659218
4.5478439995999995 38.13046435714356 0.722537074884 0.0202956631776252 29.37207820750787 0.818780408932 0.033378533373962606
4.6954359276 42.15375635287364 0.710360202245 0.019321759199652927 31.786542566654852 0.813489797019 0.03211077238505425
4.8852928168 47.001101208985276 0.700746274023 0.01847183759367018 36.930006443353754 0.78708490602 0.029461302528654358
5.0469730651999996 51.88155979196406 0.68976445474 0.01764346781838825 41.29830995767469 0.770120255506 0.02764910618599141
5.2106659308 56.63566273190357 0.682156395169 0.016985077579527226 47.38891827794023 0.743656434146 0.025420123162690208
5.4085732888 62.04310032981754 0.677020272564 0.01635276010821967 55.51635665235012 0.714560098609 0.02310393135747524
5.562873940799999 67.9561459759687 0.665908989079 0.015696070622898628 61.3763156762713 0.699725813836 0.021874074488957444
5.732604658 75.12416942710584 0.653241884448 0.014987360001368156 68.22268492408708 0.684650371359 0.02066927434463998
5.9009936304 82.52228274886208 0.642070429381 0.0143692259783194 74.22498055792559 0.676148642441 0.019788998837801264
6.0573068995999995 89.91479061026826 0.631820462608 0.013833614558321581 82.25827029827074 0.659911716397 0.018665934285097593
6.206911444799999 97.4311354383751 0.622315116992 0.013362083044286384 92.37250836406139 0.638771946721 0.017424561954909542
6.368591693200001 106.62290541655337 0.610770831331 0.012812428238594105 101.77414849864857 0.624865937346 0.01653802686260246
6.5389932828 117.33966340010376 0.598174200779 0.012358572566829823 114.04897180585655 0.60658578682 0.015519112644602116
6.6946356796 127.7070311742862 0.587340173626 0.011890891518846406 126.92516921226762 0.589115772313 0.01462404818642238
6.8650372692 138.00865731344783 0.5796253964 0.011484148672767584 139.7083765126512 0.576144953335 0.013886320698064935
7.0367806036000005 150.48412332392098 0.569240157143 0.011053951178462204 155.00238642773243 0.56100587983 0.01312369045838275
7.191752128000001 164.49636973707715 0.55672037931 0.010633905818877614 174.01906810073183 0.541483559749 0.012273059328096551
7.346723652400001 179.4000304031928 0.544826102808 0.010217606771935376 193.21749671026026 0.52523359471 0.011587281014562321
7.502366049199999 196.33490897508125 0.53206925225 0.00980089554026465 213.2434654058171 0.510790902269 0.010993211928618947
7.6519705944 213.78894498883585 0.520259839335 0.00945541526937002 236.0265867750017 0.495417270536 0.010400789419183275
7.823713928799999 233.90175221354696 0.508746773167 0.00907138797970251 257.3817156671685 0.485227983369 0.009939118949574062
7.9813689428 254.21837154760144 0.497994825679 0.008758562118070407 280.4369520255336 0.474371941924 0.009507690493584296
8.1081638264 276.8374615718638 0.484965119473 0.008424009363729841 315.18844828322983 0.454769264234 0.008912531741008764
8.2624644784 299.68481206635795 0.47511605273 0.00813296968724834 345.81107320138534 0.4425622154 0.008494435059722867
8.4315243232 324.50955406418734 0.466044902948 0.007843639072991461 383.00113813393284 0.429263710929 0.008048723515398901
8.6046094024 349.1125974905968 0.458647319642 0.007592024215944236 418.27688379368175 0.419295608561 0.007695053663183446
8.760251799199999 377.69180136156615 0.449036648763 0.007324309687170772 456.7294457105379 0.408608644532 0.007355657699160565
8.899122386 407.2882853501245 0.439365627931 0.007076280664903766 498.25578482441347 0.397498818474 0.007029455701906943
9.0507395484 436.8664967197022 0.43153931642 0.006857445885027371 543.6584543527392 0.387099503353 0.0067214518603848986
9.1936353696 470.14583908213854 0.422634244951 0.0066349878511234575 592.1150623754805 0.376847923349 0.006432430579741569
9.338543808 504.2402672364778 0.414598829871 0.006431732134596725 644.4624560392862 0.366975039076 0.006163928153420669
9.462655202 538.7936603622877 0.406478823295 0.006242357370775313 705.2366531548769 0.35553199219 0.005878244293092967
9.6095762576 576.3418827451497 0.399175554589 0.006062527425745666 771.1022395560921 0.345342429254 0.005616710969031081
9.7269789276 611.5508537385213 0.392298337763 0.005898817825834215 834.4375736445019 0.336078361949 0.005391085024178941
9.839685490799999 655.3375686721785 0.38341339674 0.005717909754851745 902.2451741261335 0.326988440832 0.005182370944904873
9.9819104396 702.6272009803002 0.375688342719 0.005541231659898795 969.1260991125092 0.320096214512 0.0050066127966615975
10.07985781 749.5531492800835 0.367353461895 0.0053793856269800586 1044.7266213746648 0.31135578648 0.004820406684848257
10.1623751152 795.4179555960447 0.359564387362 0.005236306164055806 1122.3444420637234 0.302885663269 0.004647716592444172
10.2462341652 840.1266946097388 0.352787079554 0.005108029830873481 1204.2155814234018 0.29484788663 0.004484678901156062
10.3327767048 886.1998381523094 0.34642603116 0.004985091314272882 1290.1857953356443 0.287284876897 0.004330516964006345
10.428711457999999 934.7126595463131 0.340476385274 0.004866380840262935 1383.718978469193 0.280002907853 0.004182325898108105
10.489089974 981.6785712985935 0.334181573414 0.004758703923099733 1485.6704400246656 0.271810816741 0.004032107249118711
10.5447723832 1021.92692638858 0.329293353196 0.004671941951106897 1588.7120041001695 0.264262327641 0.0038956569207286825
10.615884857600001 1063.2472231062216 0.325026498291 0.004588631883476654 1694.7956141963975 0.257599542473 0.0037694736332758087
10.6688837772 1104.5196647577243 0.320505387951 0.004509971589320897 1802.4958629694906 0.251046551818 0.0036533485748937245
10.737983634399999 1145.5420136133785 0.316767665967 0.004435200328251864 1910.3954904301688 0.245445462257 0.003547463736574332
10.775552488799999 1197.3868306374752 0.310937331861 0.004346426422225861 2024.1865786150868 0.239292803431 0.0034445793612302806
10.816475705199998 1246.6348067540857 0.305907365902 0.004264404403969285 2138.6614684503243 0.23369493058 0.0033497527902186983
10.876854221199999 1294.0097732960526 0.301944979973 0.004190601722876611 2251.779368258293 0.229029444713 0.003264458621540433
10.9325366304 1343.4324737966706 0.2978691872 0.004118800527982219 2366.610909093101 0.224555477904 0.00318517659076078
10.986206422399999 1400.1506048000645 0.293220218786 0.004040183844729652 2480.191908031844 0.22043723779 0.0031128742856728004
11.040547086799998 1460.5168393415045 0.288530361557 0.00396229599456341 2592.858264700383 0.216667330981 0.0030467753759973308
11.0989129856 1529.722796784421 0.283432842039 0.0038777962179288965 2699.7049467277916 0.21346423772 0.002988689558896827
11.1693545876 1604.5861557072058 0.27851197736 0.0037936334785935314 2797.4733830711048 0.211035968873 0.00294070089378139
11.2324165932 1698.6506724197623 0.272234764281 0.0036936025018853395 2900.1456931110683 0.208441080034 0.002892718195898536
11.303529067599998 1773.468224945242 0.268127885845 0.003620916929808112 3009.9055477091633 0.205904639954 0.002843373577391035
11.357198859599999 1854.7450650370072 0.263443082392 0.003546590232137961 3116.170365207707 0.203327981105 0.002798319807004675
11.408856034400001 1919.7334355840962 0.260131125998 0.0034909766006644733 3231.6947769071653 0.200572644304 0.002750035306549353
11.4806393812 2001.9223492647986 0.256346949342 0.0034251333988070828 3342.5706735667914 0.198462039653 0.002708445779897734
11.545714003999999 2077.745049849102 0.253059818472 0.0033666449774715293 3455.522046936195 0.196300941955 0.0026664437399352026
11.5745615172 2175.237566657033 0.247951494552 0.003295398950869309 3575.018063592642 0.193477885656 0.00262390335439708
11.6174973508 2270.062568357718 0.243626130389 0.003230192665910734 3694.7850006077433 0.191025191005 0.002583390557620764
11.647686608799999 2358.453232143631 0.239645431887 0.003172351658805418 3814.9309680670444 0.188484465745 0.00254374373797196
11.6725088876 2432.552862754975 0.236475580298 0.003125711653759353 3939.52771566612 0.185877953079 0.0025035176887605783
11.693305932 2510.452570164353 0.233197922928 0.003079622866929948 4070.1902692184917 0.183198623785 0.0024637650213780843
11.7315456588 2590.728782083004 0.230312222341 0.0030340366399081195 4193.50843604821 0.181077366583 0.0024281243037416723
11.7630766616 2675.1351832055907 0.227263791082 0.0029880200294566347 4316.3871262350785 0.178963166137 0.002394062783817319
11.7892406852 2785.904531805136 0.223201365106 0.0029303482535422746 4438.418891773417 0.176880354303 0.002362136413832424
11.810708602000002 2917.6136446684104 0.218509060261 0.002865935908881568 4566.064434861 0.174710043368 0.0023303391238031347
11.852302690800002 3055.4792675827835 0.214280500549 0.002803238012293557 4684.494901547304 0.173096532238 0.0023025744313829853
11.877795842 3206.60057659706 0.209626236193 0.002738994725728355 4807.19404846414 0.171242410089 0.0022747112041222014
11.897922014 3400.5759362696763 0.203911595538 0.0026620214771595568 4922.817301730802 0.16950771091 0.002249714389067857
11.934819996 3613.344050128681 0.19843688466 0.0025854272347678657 5040.89062576511 0.16803161378 0.0022257649401369963
11.983793681199998 3807.8350888849477 0.194100966793 0.0025208389989041734 5161.239597331537 0.166743679042 0.0022014772549583867
12.022033408 4037.4053026424967 0.189108669498 0.002450441590577985 5278.295821359505 0.165411740532 0.002178909394219932
12.056918772800001 4255.201235908697 0.184744443244 0.0023890381506348 5391.314007889123 0.164144852809 0.002157668744069722
