0.1677181 0.6533427574165986 0.199451666089 0.03262759764273748 0.541452905226046 0.21746276948 0.05536441394578697
0.3327527104 1.6793498937584266 0.248926144488 0.02810050182552472 0.8281420307047097 0.344537377814 0.06842744249691227
0.5333435580000001 2.5842791632247377 0.321240557367 0.027702075859475973 1.2341183261200805 0.450570948319 0.07192011814328043
0.6594675692 3.66130909353711 0.335008381609 0.026001758383813037 1.6723444896742936 0.480981084542 0.06774653920297774
0.8144390936000001 4.994191222556524 0.355152678704 0.024560337649370538 3.0702768067703663 0.446240165448 0.049605588658612684
0.9834989384 6.597436238049384 0.373933832976 0.022962731944240002 4.127131290771885 0.466579074308 0.045233798739296505
1.1438374420000001 8.167877324555564 0.391394906611 0.022037136134884963 4.677723754443656 0.509252384034 0.04676789903707822
1.2927711147999998 9.865515180373915 0.403056019245 0.02090612229903392 5.88422517843748 0.515019518551 0.04322812799924148
1.4940328348 11.777210756099764 0.426600683076 0.020437913642971567 7.502952949845422 0.528689423953 0.03991437395145433
1.6657761692 13.795731613738925 0.439881758689 0.020055016651510427 8.74714265916145 0.546635641494 0.03865574719804245
1.8402029932 15.745138497238464 0.455138984357 0.019475877049344455 10.422416217290111 0.554360646635 0.036256999984079066
2.0300598824 18.8810627750086 0.459174466502 0.018335694910950696 13.059658620549587 0.548065069923 0.03288931174275694
2.1796644275999997 21.771697478360675 0.459649849139 0.017549694300083442 15.313810709832556 0.54450471407 0.03087290838857382
2.3876348716 24.692607274404757 0.473042901245 0.016972143184883763 17.792194539319404 0.554047115776 0.029347426497098338
2.5392520340000004 27.385449488904488 0.478005081219 0.01663672856704826 20.46674637638949 0.550238041189 0.02769372050039528
2.7009322824 30.669609718918142 0.480799836349 0.016144762162251403 22.79699733720584 0.555032902729 0.026765794496721566
2.8659668928 35.1887463284985 0.476790667717 0.01536912365371476 25.463111050322336 0.557773311979 0.025763849193997653
3.0377102272000003 39.20298132035949 0.47909044362 0.014908712171428981 29.37989575083258 0.551165984866 0.02415059745205788
3.2107953063999997 42.70817979091131 0.485340738859 0.014614223523650553 32.017798597739436 0.55832770532 0.023590206807955233
3.364425086 47.17460186546619 0.484186821336 0.014182108449034373 36.25727185193547 0.55042118107 0.02223550697877939
3.5408645272 52.5569828736554 0.483084884157 0.013705602386214124 41.94621343639685 0.539284185656 0.020731835122847955
3.7126078615999996 57.501157389855955 0.484467610147 0.01334829735367333 48.7866723240422 0.524994551048 0.019169540061767788
3.9044773680000002 63.27655245096778 0.485919384634 0.012962345002622281 55.238849392798926 0.519326785562 0.018126369070383744
4.0882964056 69.62279570620693 0.48528524499 0.012577381981691721 62.699503822341995 0.510845944607 0.01708737543436165
4.2808367844 75.97925317275606 0.486605973235 0.012247024644272046 69.48452192071318 0.508409972639 0.016395746283910207
4.4485548844 83.81667535551952 0.481701761309 0.01183513115667355 75.65641947587748 0.506548476717 0.01587724232540022
4.6001720468 92.7750646854457 0.473726066557 0.011426052007695517 81.75618355185425 0.504098371367 0.015382633405096591
4.7779532328 100.29992659358784 0.473365918931 0.011134120285629859 89.18662835126418 0.501512454734 0.014848622095228987
4.984581932 109.18600965877617 0.473467276472 0.010824727576994118 98.64776056231888 0.49772306247 0.01423394585824578
5.1516291596 117.32798675561845 0.472183840693 0.010577932738054704 106.18999184518376 0.495960061722 0.013806216007462103
5.327397728399999 123.98837381855857 0.475070627918 0.010418699627236606 113.88548965897736 0.495389217578 0.013421068738654342
5.517254617600001 132.77093249105621 0.475559099163 0.010216832639420342 125.31372550260834 0.489308354677 0.012861825888875198
5.6950358036 142.8234161057152 0.473421661478 0.009981644323667415 136.53405117619644 0.484058553991 0.01238393518462851
5.8875761824 152.85636278148485 0.473196940744 0.009787438097913749 150.83349763218135 0.476319472836 0.011800073678217109
6.0620030063999994 163.79667623045682 0.470779146557 0.0095604491680984 168.39979058835783 0.464376759607 0.011152852345167507
6.2344172132 176.84653063983419 0.466095951318 0.009334001449903786 188.51795135995744 0.451597699669 0.010519570674044253
6.3974392064 190.075073913735 0.461460198675 0.00907069763050159 206.99325465032385 0.44239852742 0.010044310920293394
6.557106837599999 206.6326742581291 0.453774146819 0.008750774547014133 225.23362573461503 0.434819052226 0.009648045598798121
6.7288501720000005 223.44047955600644 0.447921288968 0.008483447762421475 241.89175513742 0.430660687117 0.009364768897864724
6.892543037599999 238.33354162918408 0.444338054248 0.008284137044412491 257.7512567803186 0.427425599151 0.009123826994386821
7.086425161200001 255.0093527293457 0.441729186644 0.008075065738877256 275.3747721475462 0.42522445154 0.008887247574554342
7.2675607092000005 272.8688239063707 0.438026886604 0.007871727622904987 297.2460804720752 0.41983159726 0.008592894839601203
7.4158235096 291.4061984978351 0.432596898005 0.007687135344893223 320.78078006521486 0.41247214076 0.008289835566311748
7.543960138 308.77730749112993 0.427585033037 0.007525438670163833 343.10985244945937 0.405791412453 0.00803448121877291
7.704969514 328.84571260120777 0.423245136843 0.007355525256029544 373.09670490706844 0.397535211724 0.007718158058590319
7.842498356 352.234936642463 0.416330718584 0.0071597222563712665 407.101698222435 0.387451596806 0.0073915154475437915
7.9981407528 374.3491274548039 0.411922051424 0.006993154858963131 438.33568506662465 0.380866569069 0.007141649378917051
8.1537831496 398.06222585632196 0.407296833282 0.006828309023757744 470.6759139896137 0.374758443087 0.0069078028886834
8.28527414 422.01519768003743 0.402004566629 0.006668540778085778 512.5020629280335 0.365001938058 0.006617286345350094
8.402676809999999 448.40059153641107 0.395582047248 0.006500129893395618 564.8748949534686 0.352671294741 0.006290001102592259
8.4959280736 473.1850229132853 0.389406709265 0.006353176916464173 625.4247672427407 0.33895687719 0.005955061291897566
8.617355977999999 503.01686768933126 0.383133185928 0.006189933793178839 685.2626679287981 0.328502788829 0.005685113031998911
8.7267081792 534.7323210446715 0.37636336642 0.006031531626710744 741.600475693795 0.319828397388 0.005466368059075803
8.868933128 572.1927623844408 0.369814581296 0.005859936056659269 790.3141263941104 0.314892452292 0.005312026482334549
9.0044493528 611.9000840645972 0.363125662123 0.005692284640150677 841.5697636863831 0.309842068289 0.005161223351554644
9.1647878564 656.6437229516038 0.356822262082 0.005524865472227478 884.4660176344948 0.307634044458 0.005061098229901756
9.3130506568 699.3479810963973 0.351386969829 0.00538499134847092 927.6027707537727 0.305271775897 0.004968044054278087
9.4364911784 741.8353063083629 0.345732279494 0.005254252906149994 975.1722769695442 0.301697483223 0.004861846799536677
9.561944317200002 789.9577471187996 0.339524914509 0.00511688790046199 1021.7766819514617 0.298670929616 0.0047690961044129735
9.7162449692 829.3557631662064 0.336731173914 0.0050184437266453715 1073.5030269913639 0.296103578129 0.004668332503228718
9.852432066399999 867.8511604532831 0.333812182682 0.0049261704915206945 1132.8175242423338 0.29230467173 0.004555694903308449
9.9369619888 904.7102072963265 0.329766670559 0.004842224885188182 1212.8854780652482 0.284939282583 0.004403744634932087
10.0248462732 941.5371353788039 0.326130214799 0.004766529171963511 1299.8519287066347 0.277698781945 0.004256060225589841
10.09662962 975.389760257584 0.322730969744 0.004697390811403489 1397.5278290284991 0.269758110422 0.004103182226790329
10.167742094400001 1011.4700058549685 0.319170558212 0.004624292251667206 1499.588381179339 0.262270120178 0.003958214968794451
10.220070141599999 1046.0080717628884 0.315486975506 0.004556336584738104 1607.5722906948106 0.254629914691 0.0038189144516736777
10.2723981888 1085.1434619192476 0.31134738157 0.004482983514224197 1721.3558232226687 0.247346303812 0.003687180037454463
10.318688384400001 1126.2834793478667 0.307000801373 0.004409112781702787 1834.0516034842385 0.240720040351 0.0035695554610033304
10.3830921348 1168.346357697592 0.303318945744 0.004339722782425217 1945.196756554921 0.235211884432 0.003466960463068925
10.4300532028 1210.8044322870546 0.299314524656 0.004269739121103731 2056.9374400668535 0.229778597056 0.0033709999734695883
10.4870773568 1253.5124849475026 0.295791887575 0.004204132291184797 2169.1072592606292 0.224990701513 0.0032827569510402894
10.556177214 1299.1025737798348 0.29248148308 0.0041371254438290605 2284.9926469484963 0.22066344365 0.0031994480837225525
10.6011256648 1347.103290070193 0.288458541873 0.004069571441282223 2397.792829441806 0.216334910056 0.0031247424757785062
10.6487576052 1396.4478235094061 0.284600738476 0.004002529936214962 2515.9678147982163 0.21214874929 0.0030517334026842944
10.7098069936 1454.5400121974235 0.280470480165 0.003927479594782264 2628.1121046349526 0.208768579223 0.002988362925253112
10.7654894028 1519.692601304468 0.27583181254 0.0038494111698773007 2735.784011936134 0.205687745268 0.0029321175365829917
10.8332475152 1589.7572141884878 0.271394559402 0.0037711502025382614 2835.1362188809476 0.203327197312 0.002885281515087392
10.9010056276 1670.4703864988996 0.26642553757 0.0036861912707013464 2929.2746613995905 0.201287815153 0.0028440342290038585
10.9835229328 1756.3720369793061 0.261807268204 0.003602706244790743 3026.532759471572 0.199529267107 0.002803412865548694
11.053964534799999 1846.1677653638703 0.257009961311 0.0035223401145544047 3111.0629037501303 0.198064568296 0.0027717762802637845
11.1210517748 1942.47105585121 0.252089622931 0.003441085437153658 3210.132233716103 0.196170605129 0.0027343698115219845
11.223695252 2033.2706579474818 0.248679193456 0.0033725375231673815 3302.3142564382692 0.195200504555 0.0027031824218552466
11.2948077264 2126.3315676405427 0.244725678603 0.003307150430412187 3399.452130363736 0.193612837509 0.0026713445255537277
11.381350266000002 2214.523127743772 0.241647502803 0.003247786616011815 3494.966143487378 0.19241407837 0.0026401419864302196
11.4746015296 2295.254758130416 0.239310033182 0.0031976718020262545 3598.703932932298 0.191176279125 0.002607361528854201
11.5302839388 2369.5334940344883 0.236677475971 0.003153213253787172 3708.632334836436 0.189237980602 0.0025722726661163765
11.5644984312 2419.690535250896 0.234909996855 0.0031234237437033014 3832.2651158443514 0.186715693471 0.0025312579651502235
11.589320709999999 2472.9192586971626 0.232870417467 0.0030918803072723174 3967.1944064169543 0.183909852213 0.0024877990216960097
11.605421647600002 2526.3214936553427 0.230719665187 0.003061264533330423 4105.280779713759 0.181044385853 0.002445384995429735
11.628902181599999 2588.3874009640676 0.228401720321 0.003026418787952837 4239.544179343585 0.17851749082 0.002406459979214821
11.667812780800002 2661.538596820949 0.225998843065 0.002987354089651775 4379.5122908300045 0.17623165038 0.0023684545734483473
11.6845845908 2739.890862494842 0.22306857842 0.002946726408334396 4504.989217286157 0.174011849518 0.0023360115986732315
11.7147738488 2835.675676278602 0.219840151157 0.0028981691170806515 4629.734721299735 0.172096824983 0.00230493429346471
11.744292234400001 2953.381524077491 0.215963133582 0.0028418350721418663 4756.434036417358 0.170218804083 0.0022752387965486653
11.7858863232 3107.587686249524 0.211288752859 0.002773254566704327 4867.964009746869 0.168854820668 0.0022513528533462082
11.826138667199999 3286.020764913449 0.206180518951 0.0026999224575935308 4981.414570276663 0.167492328353 0.002228099917058314
11.8730997352 3500.2618215844273 0.20057121347 0.002620029645116364 5091.468591012653 0.166331276163 0.0022075506446668646
11.938174358 3734.717464422321 0.195244097794 0.002540365236222079 5186.075983747482 0.165711247031 0.0021911303134513962
11.9764140848 3993.6310014979413 0.189420067238 0.002460421133175481 5291.20143136879 0.164583367734 0.0021727430439009558
12.056918772800001 4255.449108216686 0.184739067718 0.0023889672953325896 5391.47710920535 0.164142371809 0.0021576347304659905
