0.15362977960000002 0.5705094134212332 0.195161874164 0.03053902622894354 0.692422075775883 0.178360737636 0.04334304742972104
0.32939834840000004 1.4364558661543148 0.265225450203 0.029865653248733724 1.1055721144813178 0.299383147344 0.05414457534325763
0.4883951072 2.3297603359088623 0.309671642222 0.028387864108261197 1.5133829836088801 0.378097350406 0.05759135705106088
0.660809314 3.229138538906752 0.356153238672 0.027677286745616397 2.5103759970938033 0.400526472205 0.0491948219519219
0.845299224 4.242566543484818 0.397782135235 0.027466647920123877 3.1046643175939783 0.460119458016 0.05066175788818343
1.0250930272 5.822875539648899 0.413179611144 0.025221616320060238 3.7926065372159834 0.504991040304 0.0510460417080199
1.1746975724 7.634442474205867 0.414887364481 0.023156047738319377 5.2839153258861975 0.493661736766 0.04387124751397178
1.351807886 9.639736295214433 0.425770086214 0.02150276416069851 5.960577148989746 0.534526961126 0.04434330080289257
1.5081211552 11.47038034324132 0.436035299677 0.02065171454590836 8.802113616424394 0.494758343999 0.035854024173901836
1.6885858308 13.220021780274616 0.455021044853 0.02000820579938132 10.164390785041023 0.515908012231 0.034957028870764115
1.8697213788000002 15.054082146787863 0.472400181415 0.01960890173449559 11.945790969796473 0.527701391826 0.03328915447038675
2.0501860544 17.730479478744993 0.477934297758 0.018713723053857195 14.043929643414682 0.534516659225 0.03133967630286118
2.2246128784000003 20.483654277423856 0.483013704168 0.017876237487249008 16.521882482925527 0.535658805538 0.02956903646036504
2.4017231920000004 23.459278153851017 0.487748191326 0.017216470219320646 18.917316502870133 0.541089449796 0.02830019849985492
2.5842004848 26.812305711806165 0.491356294042 0.01658965627939631 20.971696903502835 0.553267437982 0.027671340957335512
2.7633234156000004 30.07214922399568 0.496469924499 0.016102314759240725 24.20606006877541 0.55144713914 0.026121134264235606
2.9310415156 33.1239061756881 0.502027019509 0.015777954551526807 27.120211474112555 0.55312062488 0.02497067288329382
3.0853421676 36.92771413528291 0.500888538284 0.015281907100324984 30.840029103160415 0.54668153776 0.023554435683391408
3.247022416 40.65080183538144 0.502709460165 0.014873717960775886 33.79379013283325 0.549951637063 0.022851426465478653
3.3986395784 44.21670810020309 0.504760725248 0.014579953141112625 37.343157779761576 0.54802835988 0.021910662453744165
3.5583072096 49.62058201874354 0.499277119791 0.01402348525487262 42.78788300596053 0.536690265889 0.020526744273764042
3.7488349711999995 55.7701028351895 0.496518592937 0.013511989619402335 51.05291236993171 0.518437510058 0.018745651410963998
3.9125278368 61.55951252748473 0.493518993935 0.013061242543212354 57.304660550517454 0.511127441635 0.017768186115476068
4.082258554 68.17040631300425 0.489611991581 0.012580991255320051 63.479319525540475 0.507021293557 0.016958138076746912
4.2372300784 75.42168564198366 0.483438780221 0.012217653014130648 70.45716593420211 0.499863152354 0.01615396090685771
4.3928724752 82.92500366844848 0.478230630801 0.011822760013139368 77.11395840154748 0.49560406042 0.01555529812432139
4.562603192399999 89.95300343137504 0.477083055491 0.011520464040320233 82.38762341369318 0.498132830651 0.015259961777035343
4.7551435712 97.12519405461663 0.478641496993 0.01123328628912742 88.15653444111578 0.5019961817 0.014938454085774662
4.965797504799999 104.91832465625843 0.481050025359 0.010977842069244867 95.57526188866476 0.503638527675 0.014512368860718942
5.1509582872 112.19558735621983 0.482643792289 0.010767736522550057 104.04617564358232 0.50089795221 0.013977059919299668
5.3582578588 120.21946229330763 0.485128686738 0.010607838018769213 113.84473711380338 0.49832485806 0.013469065090086071
5.519267234800001 128.86776818392624 0.482783614299 0.010355966345652225 123.26543553663984 0.493477212942 0.012986231564526194
5.6836309728 137.6314428724261 0.481191818014 0.010139200317216457 137.4937656088776 0.481429445378 0.012290486091279557
5.8607412864 148.42899109228102 0.47793851248 0.009885529042582705 153.79504741089184 0.469631733276 0.011622321645379356
6.0150419384 161.54790125865892 0.470354988332 0.00955709270956515 173.77966301872107 0.453693142066 0.010888718198726095
6.1874561452000005 175.52534095231513 0.464322914241 0.009245817375229799 189.4678835783219 0.447101213339 0.010455964330935211
6.3457820316 188.71197969601022 0.459386521322 0.008986217468553319 205.5493575887904 0.440367355005 0.010061529253399903
6.5141710040000005 204.81055377335684 0.452798338279 0.008731667452108785 221.9839068411044 0.435105728933 0.009726319180043096
6.715432724 219.6570949640155 0.450827801285 0.008530438747997507 236.77028657882653 0.434386758644 0.009494333017161868
6.8831508239999994 235.69097182856078 0.446192455567 0.008317671466970477 254.24553834886456 0.429752548618 0.009206849886744724
7.0750203304 252.95640754497035 0.442791190294 0.008109111468809852 271.57255974351244 0.427479409034 0.008967769842274525
7.2595102404 270.0197319349777 0.439825865469 0.00792158773784054 293.96030724043226 0.421686778416 0.00865666704111631
7.4091147856 289.27806019800033 0.433780783369 0.00771254403617457 315.8059093345865 0.415308823586 0.00837893969732025
7.5627445652 305.93116784226413 0.430618622688 0.00756091646440691 345.2455125966999 0.405547094297 0.008013788672021278
7.6969190452 324.80860150711896 0.425403750349 0.00739771730466197 375.72355212444097 0.395739985092 0.007680552481568235
7.8485362076 345.27001468973117 0.420800446164 0.007228027374050068 410.0828296299627 0.386345898109 0.007356725145804424
8.001495114799999 368.5003664599673 0.415328511581 0.007045138195308727 442.44870061226993 0.379261271126 0.007094153206518476
8.1504287876 391.81875694280944 0.410338731574 0.0068768174835243095 479.34979684947183 0.371219151672 0.00682718555498857
8.2557557544 418.2609437347146 0.402359056144 0.006693557987717487 524.8396271429149 0.359427142276 0.006517608073906563
8.385905 445.9795717788881 0.395858407885 0.006512398876832772 576.648325049334 0.348374906267 0.006209314293911866
8.522092097200002 475.0071261006337 0.389856918021 0.006340563893809573 631.6490198374296 0.338326566754 0.005930038292783635
8.6602918116 504.5269887623843 0.384463322952 0.00618667541141109 677.3695241972749 0.332045956091 0.00573830423448603
8.801845887999999 537.8753008723385 0.378490421726 0.006015291856248047 721.3673478818532 0.327051320949 0.0055705254902875395
8.949437816 574.5894478236221 0.372387724658 0.005846025753651584 772.0991581147971 0.321457416353 0.005395042719519535
9.089650147599999 614.1724785545321 0.36587774157 0.005684145952621434 815.8495847065583 0.317642540695 0.005269954650044064
9.244621672000001 653.3607264081734 0.360822210316 0.005541506630929209 859.7582746810195 0.314720793126 0.005154811075255232
9.355315617999999 691.8571516520126 0.354875363534 0.005413912885976758 904.529322465391 0.310528205314 0.005044832244389563
9.514312376800001 732.6168889566935 0.350754275253 0.005290988894816717 950.4911536498772 0.308092574872 0.004944097822392247
9.6350694088 774.3765917971588 0.345526883644 0.00516976198886415 1005.0146183582738 0.303442868472 0.004820006864014649
9.7598516752 814.9475295533308 0.341204678847 0.005063070847293507 1063.5986221668286 0.298807956333 0.004696928445445379
9.859140790400001 853.3367055257918 0.336857155367 0.004968250013176608 1133.2765167512912 0.292444351831 0.004555134733050375
9.961784267599999 890.5726872210653 0.333192940905 0.004881142925273086 1214.691876660398 0.285438184842 0.004400225236437779
10.0416180832 926.6971005153339 0.329270849958 0.004800386319093632 1305.3907511487057 0.277573537307 0.004242826013488501
10.106692705999999 964.4056474126592 0.324880225276 0.004720823442979536 1405.854920466089 0.269227670629 0.004086432093191323
10.1623751152 1001.2676987897987 0.320618032977 0.004644539073193855 1515.6062318517174 0.260746072865 0.003931547149805811
10.2093361832 1036.1864798712143 0.316641406136 0.004573720327360545 1627.1998862898854 0.252827237365 0.003789123090763049
10.2562972512 1073.239118225044 0.312573985363 0.004503524634753227 1734.1425385994914 0.246048629924 0.003667727314586347
10.334118449599998 1115.6410728234584 0.308917686803 0.0044267660599437856 1841.207974793849 0.240611571584 0.003560386528736961
10.389800858800001 1156.0319319836274 0.305122134358 0.004358613582025079 1949.568895080508 0.23510012882 0.003460769133824617
10.455546353999999 1200.65040220125 0.301307501978 0.004286957681689051 2065.609696550286 0.229856525021 0.0033633782858341673
10.5038491668 1245.0304846022118 0.297268937672 0.004217496579108631 2182.79885346661 0.224643503702 0.0032722739910508577
10.5642276828 1296.6479969599045 0.292980406305 0.004140396371511802 2298.785335199115 0.220169123577 0.0031903852081810917
10.632656667600001 1349.1944187763293 0.289091676529 0.004066770128320695 2412.026648734598 0.21633766232 0.003117444866165761
10.6823012252 1402.8021899794358 0.284850381996 0.00399411500288582 2520.1339856507902 0.212640812933 0.003051816522754155
10.7366418896 1464.819272860097 0.280186494298 0.003915834285501602 2623.1803675727533 0.209487702762 0.0029945703122076475
10.8097669812 1538.0634418406896 0.275309805306 0.003828910528605137 2719.2190313692236 0.207160463445 0.002945817084308373
10.8822212004 1618.753375266839 0.270172844396 0.0037408902310743565 2814.4830324907834 0.204992855393 0.0029014912596973396
10.9741307192 1704.4891133563956 0.26552656994 0.003654902044523237 2908.7331603033267 0.203350593779 0.002861492220034942
11.066040238 1794.4659337528378 0.26096314986 0.0035710749220859333 3003.5170311396387 0.201795203665 0.002822915286525106
11.1358109676 1884.5580082359547 0.256265550858 0.003492833840351403 3094.078092568839 0.200076470313 0.002787592457913634
11.211619548800002 1977.406759913275 0.251889880363 0.0034185707528399095 3181.7621155955035 0.198645962781 0.002755775549288803
11.2854155128 2069.541939579867 0.247848585642 0.0033493313800917225 3266.492293976577 0.19734537289 0.0027259286601797523
11.3786667764 2157.556233871316 0.244753691836 0.0032877526831016743 3364.6115738752997 0.196055666892 0.0026913647246858676
11.4491083784 2240.388366448587 0.241680017087 0.003233367643450551 3468.137374163603 0.194305382983 0.002655803291562003
11.4927150844 2307.3218719832025 0.239060933372 0.003190841076866911 3581.7073991597417 0.191931201022 0.002615697002937691
11.545714003999999 2367.890395004071 0.237076024921 0.00315440483872336 3700.108849218785 0.189708993498 0.0025758313418568655
11.5718780276 2423.685985408461 0.234866259214 0.0031207526944735334 3828.663340352736 0.18692255406 0.0025325233424192363
11.593345944400001 2486.17092969889 0.232330537903 0.0030835967176890172 3967.9401803672417 0.18395642431 0.0024878462964900536
11.6148138612 2555.7675567468905 0.22957422633 0.0030437186413824384 4100.878698470741 0.181287967091 0.0024475186824611693
11.632256543599999 2629.782730106571 0.226664935379 0.0030025919258813683 4235.877115232331 0.178646168398 0.0024082813821529585
11.6577496948 2709.9655645826115 0.223780330247 0.0029600767853871805 4372.9475716513925 0.17621172371 0.002370839739804173
11.690622442399999 2798.4755026815506 0.220838568314 0.0029154164665979197 4505.06128306007 0.174100337648 0.0023367050363353294
11.7248369348 2898.786466761778 0.217623767602 0.0028668565320410975 4628.780422913937 0.172262334896 0.002306327226134371
11.7590514272 3010.470169617062 0.214176966717 0.0028156323719313787 4757.651603555872 0.17041084028 0.002276147312767478
11.7979620264 3156.480215998523 0.20986269767 0.002752614532652665 4873.805627116084 0.168926513018 0.0022509628062783015
11.846935711599999 3346.047575669994 0.204684050361 0.002676565542292595 4982.563901676634 0.167767420539 0.002229030560670302
11.8965802692 3561.0759626069866 0.199246168778 0.002598072107223883 5081.628657393508 0.166821243581 0.0022104955483233757
11.939516102799997 3772.920101633552 0.194275979118 0.002528125257098194 5180.0656193139175 0.165825909907 0.002193048127315526
11.995198512 4015.7085504455376 0.189195303146 0.0024546971287398183 5285.303018596869 0.164933298059 0.002175005005568938
12.056918772800001 4255.280104370329 0.184742732799 0.0023890156050657197 5391.314007889123 0.164144852809 0.002157668744069722
