0 0 0 0 0 0 0
0.31396828320000003 1.5453506599490294 0.244664077661 0.026390906333568238 0.8369560361092641 0.324523143745 0.06552959570456664
0.4736359144000001 2.3734073663392525 0.297980139864 0.027176916912094593 1.2294803718276401 0.403374002891 0.06620639541882901
0.6534297176 3.591473617486684 0.335061964978 0.02574941519949576 1.6250111536303646 0.482970416763 0.0679743628916549
0.8312109035999999 4.892184848549013 0.365850196889 0.024493448764342552 2.096090052123921 0.541347172895 0.0680574071771895
1.0009416208 6.379133949527213 0.38656363295 0.02372231681079601 2.8523322381186866 0.562262914394 0.062349247505150356
1.1740267 8.42093660714327 0.395680421551 0.022132902281918755 4.099864145531115 0.555005885104 0.053660785248119174
1.3243021176 10.243227905108714 0.40531178541 0.02079825501852423 5.848632717942982 0.52866617668 0.044498887070672656
1.4906784728 11.945596083640696 0.422766912602 0.020182007323587686 7.552968830760228 0.525889694192 0.039755142525069294
1.6543713384 13.75295981216058 0.437579545801 0.019610472153197656 9.69885008170705 0.517098008833 0.035353044110020715
1.8120263524 16.536425345755443 0.437811009078 0.018484752611442175 11.797012458315534 0.514859689658 0.03262893345795141
1.9971871347999999 18.810928130526005 0.452675303872 0.01813177698652402 14.025080848828024 0.521333011951 0.030708820342746388
2.1749683207999997 21.864370771289558 0.457732212148 0.01741288084685111 15.531077507134045 0.539706547469 0.030304158159818365
2.3487242724 25.029833025187298 0.462395635198 0.01677706137672637 17.23878065436518 0.55352340827 0.02989491465435921
2.519125862 27.854985585576387 0.470371531492 0.01643187988741622 19.827180449407358 0.554356199006 0.028401196890185918
2.6727556416000002 31.027101726828686 0.473178485745 0.0160477000162067 22.194865626048944 0.556475904679 0.027228480774248224
2.8424863588000004 34.60946132939887 0.476773843913 0.015560799264784 26.10736231559005 0.546647304102 0.025214402091724073
3.0162423104 39.11272575368169 0.476281136994 0.014939110759714928 29.318300521597195 0.547889430664 0.02412753338250662
3.1853021552 42.63607396726572 0.481930216018 0.014612010522935216 32.148779191206486 0.552869059103 0.023368940922418698
3.3577163619999997 47.28278453541153 0.482691660967 0.01415489765624806 36.34321545114921 0.548708550619 0.02219130774401705
3.5227509724 52.6199970715253 0.480358334612 0.01368441146507475 40.53506423173575 0.545570107493 0.021186033889119986
3.7287087992 57.75475662709256 0.485499600217 0.013327064945016922 46.13350796142142 0.541815442911 0.0200641023033477
3.8836803236 64.3116199801074 0.479526988684 0.012810215458904711 52.89540300437328 0.527649402363 0.018690830415538175
4.0567654028 70.18708581349225 0.479673734875 0.012468097250329883 59.50346263308872 0.520094614179 0.017689625093186383
4.215762161600001 77.54948157285399 0.474483559028 0.012003589717047453 66.92992573340325 0.510034419476 0.016683297504838566
4.4351374364 86.1815378658704 0.473736923983 0.011567082440124953 74.21592340411826 0.509819677335 0.01603690812988723
4.6263360704 93.98136656231657 0.473380358465 0.011254154671839146 81.93092270872428 0.506408365069 0.01537620299651527
4.8128385976 102.02176231568991 0.472816593364 0.011023318512042468 89.73030164784079 0.503636211764 0.014813431727463681
4.9933032732000004 110.6685302495434 0.471148739869 0.0107352408678257 98.8593610120397 0.49806162564 0.014193888309205862
5.1402243288 117.65370978429229 0.470502532343 0.01053590508163086 108.19623921125832 0.490332176265 0.013578977602978342
5.3421569212 125.84409852058289 0.472900852403 0.010335680252781945 117.54662173112732 0.48906963483 0.013148797182840271
5.5206089795999995 134.88959978826028 0.472144524907 0.010123783892890937 128.43057292670187 0.483709964852 0.012639555329459075
5.7198580824 143.06393873801784 0.47507702937 0.009962448340443054 140.4256143524422 0.479460685943 0.012152716226074133
5.9016645028 154.64692053875652 0.471602475635 0.00972211033758232 156.4619655702835 0.468892816913 0.011529297597351369
6.0519399204 167.6431167969816 0.464643220938 0.009447686774974366 173.09091377630983 0.45735736565 0.010963067650467341
6.1861144004 181.33653066318567 0.456807937296 0.009156149274571567 193.15746055901784 0.442760036141 0.010330584715392579
6.3437694144000005 195.66491994864285 0.451096128843 0.008915691622866182 212.12420222340032 0.433419922241 0.00987580016190684
6.514171004 208.55892717756788 0.448752752844 0.00870713418376331 228.83088577222765 0.42860830656 0.009543976164705713
6.6993317864 223.04865421533023 0.446353653572 0.008497385454469136 244.4730808754879 0.426530730707 0.009299595124063103
6.8636955244 239.65924922329023 0.441273075139 0.00826290574003625 261.3638476033521 0.422718088404 0.009037659818557028
7.0689824788 257.62202323468836 0.438426907849 0.008049654064289312 282.4382053640684 0.418888550146 0.008744089362439356
7.2299918548 275.3499354885761 0.433821582994 0.007848713521785074 305.91053574459477 0.411759091719 0.00842407420968252
7.3728876759999995 292.84637282325343 0.429052509733 0.007665047105416485 332.34366159248276 0.402948820825 0.008089922904709182
7.5392640312 312.0704906149695 0.425077224154 0.007478706972057856 360.6258805855711 0.39563773855 0.007780933826094394
7.711678237999999 329.5861821588713 0.423139772259 0.007334632446607436 387.6963679470356 0.390366664966 0.0075293475390569445
7.8485362076000005 353.93888682865713 0.41565325818 0.007132956276512103 416.3224945344675 0.383457876825 0.0072927771070739715
7.9894194116 377.53585094277616 0.409746311711 0.006949802157855422 445.79902352457117 0.377273356995 0.007063692102026695
8.1497579152 404.2275423855135 0.404000721582 0.006772144076103723 481.7448700735215 0.370269977519 0.006814874371168158
8.2725275644 426.9503106512612 0.399076407619 0.0066266662623615065 521.5950647688484 0.36126801868 0.006550537585629799
8.4100564064 450.39017603411384 0.395058311577 0.00648801850534676 569.5865085374609 0.351524453625 0.006266482176304665
8.5086746492 475.9500580827287 0.388861430004 0.006338529663017233 622.6348463915435 0.340220542044 0.005980899360852578
8.6113181264 505.64061583985193 0.381876458156 0.0061776864424169025 674.9555779692112 0.330759601581 0.0057407232209948904
8.7300625412 539.2287264784333 0.37494300225 0.006007217416880379 729.4414251448587 0.32259623527 0.005523431920637561
8.8581991696 575.5035538696181 0.368309559665 0.005843618808876402 787.961965975349 0.314979383325 0.00532321062876692
9.001094990799999 613.238007839423 0.362596447423 0.005686249212273183 839.2278202167275 0.310157177167 0.005171608990825179
9.1433199396 654.7227876509128 0.35650779265 0.005528765142065903 889.0853888411395 0.306119038496 0.005041433758645405
9.2607226096 695.8223447963896 0.350297142955 0.005384785322252156 934.0417996185465 0.302514664025 0.004932705548764291
9.3902009828 738.3028975271284 0.34485845169 0.00525803966334335 978.4351072272093 0.299720480237 0.004840877298222403
9.531084186800001 784.883635247288 0.339519124611 0.005125482291457836 1025.9650597069651 0.297102064294 0.004747056623407407
9.679346987199999 830.6182724769283 0.335200833567 0.005010240041216895 1078.8510800021286 0.294250922991 0.004649573544051272
9.8168758292 872.2896715027722 0.331765612049 0.004912631385532273 1135.3970840453485 0.290921201872 0.004547047961571489
9.9208610512 909.8794532451373 0.328300141367 0.004831381336233399 1215.564554930596 0.284165403679 0.004400047821752776
10.0235045284 941.2441050002448 0.326137218009 0.004765936251093001 1307.915346347264 0.276806615781 0.004241894258085505
10.089250023599998 972.031315156948 0.323050222785 0.004701301610611019 1408.5649192756905 0.268505523486 0.004082946733443463
10.14694505 1006.9017242898693 0.319238144441 0.004631332997360514 1511.97627281785 0.260662251161 0.00393695692425005
10.207323566 1042.9807026936069 0.315549619501 0.004560504549868949 1626.7066278511868 0.252815689693 0.0037913855774405277
10.2589807408 1076.071660909678 0.312245167131 0.004500727181007144 1740.707148428706 0.245649340645 0.0036625857247062233
10.307283553600001 1117.0613286479772 0.307921402919 0.004427344365140806 1852.9262624721982 0.239228687544 0.0035486991807090573
10.362965962800002 1157.2003983278782 0.304182000163 0.004358223168253749 1959.8686958338972 0.233877546095 0.0034500074026818004
10.425357095999999 1197.5879365105882 0.300821549088 0.004292615573509485 2067.2453749055926 0.229102856636 0.0033602713475038236
10.4770142708 1240.4963117843156 0.297050427191 0.0042237740510229355 2182.3779288416968 0.224091622521 0.0032694103986713034
10.5098870184 1280.5265348058526 0.293299483401 0.00416189878015933 2303.3898765108047 0.218818761586 0.003180870002861427
10.552822852000002 1328.317083296449 0.28916401278 0.004093228271865925 2420.537953294217 0.214337218921 0.0031046611377141715
10.6185683472 1372.608697135098 0.286242474715 0.004032314794802556 2531.4915374658226 0.210899007474 0.0030371883072876616
10.6843138424 1425.4643627652663 0.282635867991 0.003962980127523485 2643.971708997655 0.207647224177 0.0029739308742370366
10.758780678799999 1487.9420679142945 0.278578713446 0.003887916452686796 2753.9647387790537 0.204880894386 0.0029188235687229083
10.8272096636 1559.90373852994 0.27382077988 0.0038045036596131036 2849.474347471187 0.202702677635 0.002874522132541674
10.886246434800002 1646.624558812075 0.267980615269 0.00371101163135901 2951.940778789074 0.200243180567 0.00282980711588701
10.960713271200001 1746.600438759553 0.261992433585 0.003611396663850132 3043.595185516401 0.198556915968 0.002793898515903529
11.056648024400001 1842.5962257308208 0.25732081929 0.003525175697250457 3126.6996815445227 0.197617200209 0.002764383296869215
11.134469222799998 1935.0329216736768 0.252877178568 0.0034482051409618036 3213.5417428517835 0.196303046951 0.00273364997330523
11.2230243796 2024.9660351440834 0.249172785251 0.003379204174831183 3304.0625008296443 0.195137255851 0.0027027182936995003
11.3115795364 2118.5529274503547 0.245537488465 0.0033127914853923225 3389.4332037074587 0.194186225264 0.002675522348821159
11.4021473104 2209.930145022623 0.242339695402 0.003252427367400835 3479.0610476330517 0.193205131983 0.002647914803173909
11.4866772328 2308.6705604550425 0.238865757445 0.003190560275352052 3583.9413154525787 0.191770690439 0.0026151777684632264
11.5530936004 2372.420321962681 0.237001208561 0.003152369718293751 3704.6067162374366 0.189715031093 0.002574901311343261
11.5698654104 2416.808766297595 0.235158782006 0.003125591871348946 3837.3507352257966 0.1866786022 0.002529742432289827
11.5812702412 2464.2997769564568 0.23311476875 0.0030969909632124477 3972.301122642871 0.183664105313 0.0024856475773474647
11.608105137199999 2528.7697944435085 0.230661401848 0.0030595944290316896 4104.76197793434 0.181097661189 0.002445411456304368
11.626218691999998 2591.2250504354747 0.228224173413 0.003024375547436081 4248.360674185368 0.178291194215 0.002403691823864833
11.645673991599999 2666.4503216781195 0.225362789812 0.002983510474144425 4382.088581720044 0.175845743997 0.00236699961576722
11.6725088876 2736.4276206460795 0.222978974682 0.002947378536276764 4512.905342299927 0.173679694743 0.0023330705828583983
11.700685528400001 2825.511834279596 0.219969978862 0.0029026018888348897 4638.949586702832 0.171719282857 0.0023018769792390805
11.733558276 2947.9994375909537 0.215962488505 0.002844641031722745 4763.678121885747 0.169934042623 0.0022735130112549744
11.7832028336 3090.544731328012 0.211821586781 0.002780823234545915 4879.398005382851 0.1686186378 0.0022483431435351207
11.8355308808 3285.2976381391236 0.206366848367 0.0027002474516877924 4982.342152597759 0.167609704545 0.0022279089548059117
11.8818210764 3503.495614737686 0.200625908811 0.00261893551672339 5093.096199087841 0.16642682839 0.00220726341917427
11.9240860376 3737.5392859843882 0.194940258334 0.0025393298915871 5192.503812167451 0.165413365084 0.002189570656745784
11.981781064 3990.922150113292 0.189569147925 0.0024617863460785878 5299.190061440361 0.164533029342 0.0021715296083990713
12.056918772800001 4255.449108216686 0.184739067718 0.0023889672953325896 5391.47710920535 0.164142371809 0.0021576347304659905
