0 0 0 0 0 0 0
0 0 0 0 0 0 0
0.5662163056 1.2906895179452835 0.467344196866 0.04901136961025806 0.7850565557951762 0.578943396955 0.10373506709235024
0.7299091712000001 2.4389261259446573 0.446568690287 0.03533068598293143 1.0886530631371998 0.63750168561 0.10023693102580164
0.8976272712 3.156948922085284 0.483715685419 0.03463885351229096 1.8939948375567388 0.608834000177 0.0768508793596662
1.0780919467999999 4.618166870869718 0.483839183387 0.029410276137477067 2.97496402063395 0.592067368493 0.0622889006049043
1.2089120648 5.956564173655414 0.479853303731 0.026723361225478418 3.780399107927722 0.592390880147 0.05656683301207074
1.4101737848 7.522419708640671 0.499228997324 0.02523312083869995 4.391108820775613 0.641042142075 0.057039700461826215
1.6020432912 8.75410191315491 0.526092536184 0.024697904642445805 5.114446134064837 0.67553914908 0.05603245101642188
1.734205154 10.79952579275775 0.514458664537 0.022933767810656265 5.564931283602698 0.701201634929 0.05606636914827286
1.9025941264000001 12.78696089597272 0.519624340037 0.02187762021262573 6.626490372187142 0.707395387629 0.052826137959532914
2.0689704816 14.985501373691134 0.522823582147 0.020641543468486928 7.520609619155324 0.723303848044 0.051202052351184905
2.250776902 17.093852923993428 0.53305742711 0.019912008103451326 8.989407395833302 0.722251084631 0.0475832720467083
2.4553929840000004 19.747895848291424 0.541641281007 0.019184339861577783 10.195237306020164 0.740864984205 0.046184935866654474
2.6076810188 22.567081042726464 0.538836730207 0.018397782383797107 11.320391905815674 0.747822012445 0.04480385505481962
2.7720447567999997 25.7511191478834 0.536877926609 0.01771243351308633 14.522666548024926 0.705932399617 0.03856087729149029
2.9679394975999998 29.263469595082647 0.53974307926 0.017211136242717064 16.39317701559403 0.712432566641 0.03717409386956334
3.1604798764 33.07198408784865 0.541147864201 0.01657671253245259 18.56293643682732 0.7140856111 0.035548792228445425
3.3221601248 36.431141058189745 0.542344687545 0.016133523233820262 21.493300422719766 0.699223251918 0.03296904639019817
3.5053082900000003 40.413400187868035 0.543699853163 0.015583421298801857 24.034171936165116 0.698607067693 0.03144510420682995
3.699861286 44.562475870896606 0.546827992624 0.015149350451986572 26.642560604660257 0.701100919979 0.03023652442430544
3.8722754928 48.5263911838433 0.548717723242 0.014773729987680072 30.555897664227487 0.686451818749 0.028120137373481985
4.0446896996 53.28247436519372 0.54730866126 0.014497332222629394 34.31879701384934 0.677492902492 0.026508452385903852
4.2124077996 59.08187970359458 0.541702594747 0.013978844340810518 38.80291136134581 0.664523022699 0.024929545962323173
4.3606706 64.26945066980902 0.537956586175 0.013582988108848641 44.91059396497586 0.640571481592 0.02285878047795104
4.5465022548 70.31602354843713 0.536497633456 0.013190476496986176 48.384770756207395 0.643761455905 0.02232408944798609
4.7014737792000005 76.63485761641796 0.531702025355 0.012783139034963743 53.50668643616487 0.633648339637 0.02121007525121061
4.8443696004 82.56245863747301 0.528055498235 0.012467415237594913 58.323670285298995 0.625838802988 0.020351819626331213
5.0476439376 90.6825715427572 0.525255357314 0.012037739243406797 63.86283013261029 0.623574760911 0.019624022849580515
5.2321338476 99.39874256927389 0.520287576476 0.011624779222007147 72.89083135257188 0.60571272872 0.018261400234840783
5.403877182 109.26507898737775 0.512793554793 0.011209672562885886 81.3175639754746 0.592797361044 0.017266837700717352
5.5970884332 117.87551329158599 0.51152462853 0.010909466332712319 89.2993782909783 0.58626374962 0.01649965562017914
5.766148277999999 126.9560145741045 0.507949239221 0.010634164717951566 98.2666516845147 0.57612417504 0.015707427296083376
5.9560051672 138.60734094601878 0.502337094617 0.010327806433023442 107.57877685935486 0.569057703141 0.015062354305591627
6.121710649999999 149.54511635567454 0.497236811573 0.010052237623932142 119.11644452178562 0.55619760641 0.014289647798089515
6.2599103644 162.20878327601685 0.488396803622 0.009762552890055185 130.72133253856742 0.543228674652 0.013595968237171617
6.467209936 172.90869974629456 0.48880358084 0.009568760184785065 142.7635560754951 0.537251631729 0.013057287333447722
6.659750314799999 188.21956702318252 0.482607576275 0.009277425361087839 156.5347628839696 0.528586167493 0.012496445643930855
6.8180762012 201.07175375820412 0.478144535712 0.0090609704102498 171.53824003223951 0.517180063903 0.011930550119152459
6.99384477 214.2844701142123 0.475207728038 0.008843322492024347 189.67005817686112 0.504754024713 0.01131122769114263
7.1629046148 229.31838745685934 0.470578400758 0.008615867876391153 207.40666051496507 0.494545587115 0.010806165011186938
7.322572246 245.02742383371452 0.465494352187 0.008394833384528294 225.91833785639017 0.484581428498 0.010349061472319596
7.474860280800001 264.65610728377163 0.457337430567 0.00813581097946652 252.00633590165032 0.468566566212 0.009770059111869185
7.6284900604 285.29126119667063 0.449651362537 0.007897875126277593 276.7350280879619 0.456487932272 0.009304736529138328
7.79889165 308.9968505326831 0.44181875447 0.0076483347934356155 306.45906949561385 0.443629131016 0.008825749372266874
7.963255388 329.8341969445023 0.436726105443 0.007460988836313324 335.9981598069247 0.432733084999 0.008429191249145441
8.1195686572 351.98050879258403 0.431138301699 0.007268495762750058 361.9278126438465 0.425216533038 0.008135464833071052
8.258439244 376.35971576184187 0.424150142977 0.007079517755773328 393.1410164931931 0.415062833786 0.007805539754542784
8.4033476824 398.8072809437182 0.419330264054 0.006921002999199417 421.0070271940302 0.408199449434 0.007549016898986267
8.5576483344 425.8837879156346 0.413298741342 0.006736893389589308 455.0084688550499 0.399937202778 0.0072692360661279305
8.6965189212 452.6670588156482 0.407449911328 0.006569426396686536 496.9306044506062 0.388989762632 0.006946769513497357
8.8494778284 483.8390886419997 0.401098726459 0.006386777727708427 543.3339438249948 0.378627065637 0.006638671506408308
8.9970697564 514.5694433180785 0.395476626135 0.006226016811314048 584.9199561248236 0.37106087723 0.0064012786836380765
9.135940343200001 549.6783186187172 0.388599759034 0.006052175472402499 627.9147860553259 0.363709656082 0.006183000942692543
9.261393482 582.726937240964 0.38264799892 0.005905106626846873 679.802703243673 0.354407763802 0.005940647387882464
9.368733065999999 619.8941515191342 0.3753475776 0.005750609000937764 734.4922468966398 0.344959326857 0.005712407921649693
9.4968696944 661.0873590904973 0.368481920308 0.005594094116593387 790.8902599693241 0.337020771243 0.005508079612230957
9.6364111536 701.1936039830673 0.363083181107 0.005457060090197444 840.9290644139893 0.331672406811 0.005351871968770036
9.747105099600002 746.5440401830675 0.355964732119 0.005309727807786307 901.14134630207 0.324114962865 0.005173509673443041
9.8759126004 792.3376193171242 0.350125409896 0.005176359962276453 967.3606417117027 0.316990736661 0.005000106296212335
10.001365739199999 842.7157094142942 0.343845311082 0.005039802265853822 1035.2414554784707 0.3103426351 0.004840347738832144
10.1087053232 894.4620816343803 0.337364676533 0.004908586614155108 1105.4383256049032 0.303576663556 0.004687603766374598
10.2267788656 946.9910497594495 0.331731759167 0.004790819170673557 1178.9720809164137 0.297413750921 0.004544898115060674
10.3401563012 994.6359185748381 0.327299352601 0.004689419358161348 1253.0423592882737 0.291708148489 0.004412121743989301
10.418648372 1044.977034828526 0.321764943478 0.004590909580919917 1343.4076317562622 0.283888347633 0.004260841397354108
10.500494804799999 1086.0618249079355 0.318115559312 0.004514900313935861 1432.7180441377793 0.277076819809 0.004124737917056342
10.5508102348 1128.8255374398718 0.313543613405 0.00443873232006578 1532.0754968278932 0.269245466324 0.003984322472410188
10.603138282 1171.8811069126807 0.309271358256 0.004365324029073283 1640.1098794998009 0.261535720663 0.003846072521471161
10.654124584400002 1212.9666390398265 0.305463569931 0.004297017114058254 1756.068915831964 0.253985388098 0.0037114681375992613
10.6977312904 1255.0017394706033 0.301546486971 0.004231297429520172 1867.0440720373938 0.247343473485 0.0035965690328351296
10.737312762 1300.3577127534484 0.297350139655 0.004164810095488008 1985.5981106921333 0.240746075874 0.0034849838990602135
10.7836029576 1347.1001907133727 0.293417529009 0.004097581461414384 2100.1622640568166 0.235107476306 0.0033869518348158094
10.8406271116 1392.980396112515 0.290081515605 0.00403617718417906 2215.2388073310112 0.230139143276 0.0032978992337943645
10.8896007968 1440.160054490481 0.286589742243 0.003974913861826686 2328.9124264446423 0.225474513446 0.003216017271881987
10.927169651199998 1495.5622804197774 0.28221355067 0.0039059465184829185 2447.5995052878757 0.220706355852 0.0031370937071467215
10.972118102000001 1554.5245672968701 0.277959798421 0.0038375838861310755 2563.578466641766 0.216549811666 0.003067109937300643
11.018408297599999 1613.971092329268 0.273954197591 0.0037718446027215787 2678.127118259261 0.212767787849 0.0030019587320823725
11.0814703032 1682.9270489781948 0.269829340559 0.003700609454939099 2790.602711016466 0.209633811446 0.0029438928554036915
11.130443988400001 1757.7197785576786 0.265204130869 0.00362616030188502 2905.896920959549 0.206345733367 0.0028868798673856804
11.1894807596 1837.7723264363754 0.260749967749 0.0035524882621201545 3020.634558735251 0.203466559405 0.002834828259994257
11.2565679996 1919.125898515205 0.256702759389 0.003482257704606126 3123.6822483832852 0.201285294972 0.0027911711780536394
11.3062125572 2008.3632055680966 0.252051507196 0.003409623158371845 3227.7180384806798 0.198891444544 0.0027493886330132796
11.403489055200001 2111.5985643249296 0.24793730621 0.003332207014786259 3329.1498330385393 0.197525617005 0.002712735269676794
11.468563677999997 2213.3007111979623 0.243564732472 0.0032606108544847444 3427.6192868471876 0.195781127261 0.002677930585234261
11.5644984312 2311.9113759488946 0.240314372766 0.0031974549829567934 3533.2492092663197 0.194447790735 0.002643228636716392
11.6201808404 2415.273488050412 0.236255564435 0.0031327574771447472 3647.6977578667793 0.192297272921 0.002604261636764464
11.6577496948 2494.726075039549 0.233219886015 0.003086571437988029 3772.000946655113 0.189716609543 0.002562979777517778
11.6879389528 2567.8844387566046 0.230473629398 0.003045403832423761 3897.668532766628 0.187119326912 0.0025222534253592976
11.719469955600001 2632.3260801133165 0.228252922891 0.0030094509137655765 4029.449969080462 0.184533308787 0.002480351004223237
11.7429504896 2705.989403797097 0.225579965349 0.0029700225842817516 4159.513068909744 0.181991803374 0.00244123546675441
11.773810619999999 2794.940310173189 0.222549329606 0.0029246936724828315 4300.201455796207 0.179462884958 0.002401654433341508
11.798632898800001 2888.5075989616853 0.219381334606 0.0028796661958679862 4430.441904549168 0.177180358558 0.002367177890114718
11.822113432799998 2988.385379907253 0.216117955834 0.0028324205823792577 4563.201836005887 0.174933473573 0.002332645801706193
11.8556570528 3106.179195217282 0.212586879234 0.0027805324937440704 4689.575829952867 0.173051756417 0.0023020925923951073
11.8824919488 3242.641537063867 0.20854181053 0.0027236076801118734 4821.224146643648 0.171060847093 0.0022716956475883673
11.9167064412 3401.220515898308 0.204214012444 0.0026615987222392188 4941.09192993653 0.169461226518 0.0022455088267424434
11.9609840196 3587.893737060106 0.199574978017 0.0025942937513795364 5062.365513366311 0.168042554704 0.0022207333999553955
11.9858062984 3776.04508677393 0.1949481678 0.002530832381925887 5176.044507979026 0.166533178837 0.0021975883351033876
12.017337301200001 4003.297571114499 0.189837606579 0.002460613235899399 5278.808701988115 0.165339124508 0.0021784256227546854
12.056918772800001 4255.024829253284 0.1847482692 0.0023890881104616435 5391.47710920535 0.164142371809 0.0021576347304659905
