0 0 0 0 0 0 0
0.3569041168 1.155543718073918 0.316809019049 0.04547786224878491 0.8565677401088448 0.362648992891 0.07117525396792265
0.509863024 1.740245225391725 0.369614501846 0.04124360428336058 1.1586215409415552 0.444089923707 0.07497956300539652
0.650746228 2.2439663407118027 0.415609892199 0.04495587300570054 1.4243535592516607 0.510089224288 0.07679267197511973
0.8063886248000001 3.0324783875321883 0.444533128317 0.04116288220764097 2.1576529351111273 0.519213830427 0.0659862804630909
0.9788028315999999 3.8634158606025486 0.478901356575 0.039332483506526246 3.2914318012964743 0.515628025374 0.054902187144396465
1.1572548900000001 5.0187201421811745 0.498416318228 0.034923375289791676 3.7447701025955977 0.570617879676 0.05666453058348455
1.3632127168000001 6.924754779925843 0.50229998842 0.030787410197230847 4.3663209151807525 0.622218967293 0.057216687739389246
1.5369686684000001 8.662351053868608 0.507810458697 0.028215442833327425 4.977919562371592 0.657334753772 0.056848455808711916
1.7375595160000001 10.64505974860173 0.51897319262 0.026103104042369738 6.041502474857501 0.676543180202 0.053778209565392934
1.9381503636 12.293173862406041 0.539137111893 0.02546901020480659 7.8720331618597665 0.665005632653 0.047566256451964425
2.1427664456 14.45770750412174 0.550415343941 0.023826373876002123 9.384996971567375 0.675087934483 0.04475248812899395
2.2917001183999997 16.798448336394117 0.547102486766 0.022275160640277143 11.74571552724248 0.648533084698 0.0394494920302004
2.4667978148 19.288736700492684 0.550294921078 0.02126172577286612 13.556910773507944 0.65105025376 0.03749111310745285
2.6244528288 22.286379538502374 0.545520439047 0.020097922775556814 16.550107553592092 0.629103503837 0.033837108602429236
2.794183546 25.57815821650025 0.542857727716 0.018999268889381443 19.015000128304354 0.625972868604 0.031847618571145556
2.988736542 29.414664729138156 0.542110765172 0.01805938101658137 21.96536585424921 0.624004386828 0.03009833567965785
3.1349867252 31.468972872939073 0.5499352203 0.017788210413164845 24.151080407143258 0.624817533605 0.028959405044281024
3.3114261664 35.72716910857099 0.545763995605 0.017037932831725187 26.814387191312868 0.626958336203 0.027909272211872546
3.5039665452 39.68036739030643 0.548353320389 0.016448202940791974 29.88337662465633 0.629029632621 0.026745673778664724
3.6549128352 43.987150301787764 0.543700417015 0.01586831728693212 33.662131350562056 0.619037314013 0.025209527769738692
3.8501367035999996 48.13318740293019 0.547787833572 0.015445286557600645 38.32220319933646 0.611942457812 0.02372886153238775
4.0178548036 52.71085210628271 0.546590246226 0.015012134027629315 42.78341457006509 0.605009375411 0.022534994579387683
4.1500166664 57.103983984345824 0.542724170997 0.014575324226487793 47.76028743253736 0.592108594085 0.021224779659144846
4.3197473836 63.009935660915524 0.538147249808 0.014066574508244648 52.43571839006539 0.588625307647 0.02041666889273658
4.509604272800001 67.93058622692917 0.541256935788 0.013725204579803876 56.1972506697022 0.59377484145 0.019949569823683892
4.6612214352 74.0908632608862 0.535989407245 0.013287609177614547 62.50599675620692 0.582465820514 0.01890197508753721
4.833635642 80.92177467302714 0.532109729481 0.012962905273016839 70.75094207598285 0.568291997707 0.017675350798539977
5.0161129348 87.07168165524621 0.532521022918 0.012663949844265077 80.01087403683277 0.55506882973 0.016581957383370212
5.202615462 96.67929332232008 0.524478727911 0.012199998417021067 88.04194741592846 0.549137936574 0.015895940300147075
5.3642957103999995 105.31769706303558 0.518365741375 0.01175243782943227 96.65867688805622 0.540688996986 0.015171549197883563
5.5494564928 112.53302674344684 0.518917386518 0.011505264204547614 107.08338159712557 0.531742561793 0.014422925201107618
5.7641356608 122.3910989233196 0.517014371201 0.01114936585282249 116.76464015731246 0.529130370983 0.013899794209945313
5.9627138912 131.64478597747575 0.515836461909 0.01088006681366241 128.6833794392261 0.521650247498 0.013288020276743797
6.127748501599999 142.67463951559463 0.50940398091 0.01057092599577427 139.54529234454205 0.515003725014 0.012794519430510725
6.302846198 153.58814193371123 0.505158059962 0.010255500155766435 152.72434247389344 0.506565541919 0.012235322252512176
6.4913613424 164.12460324587664 0.503411475101 0.010002591535231524 168.39870912989983 0.497062959027 0.011660609073445538
6.6778638696 178.66147549859738 0.496534843806 0.00965759392974507 184.8198454492629 0.488291187708 0.011154879616886335
6.8314936492000005 192.63199322822803 0.489344035489 0.00935985606181154 202.6221699105213 0.477264077267 0.010643055001651755
7.0133000696000005 206.34005424329848 0.48550962177 0.00912059541976274 223.56030343203784 0.466635463687 0.01012960513344599
7.1810181696 220.69129123197993 0.480798743017 0.008871256183029218 243.13623498041642 0.458293930016 0.009710627595216518
7.3111674152 238.3837573689977 0.47114088628 0.008585129456614585 267.1430300087214 0.445298945722 0.009254709856278038
7.482910749599999 256.0621391280327 0.465374893307 0.008348752190099297 289.1381940964903 0.438188042768 0.008915386925483614
7.641236636 273.7951664297519 0.459673215637 0.008134067785899132 312.66365988268836 0.430397969432 0.008584959954523526
7.786145074399999 291.5228755411399 0.454014710473 0.007935319871850694 337.4061339441138 0.422268195582 0.008275056249770209
7.947154450399999 312.532375829133 0.447650412518 0.0077205459989460705 365.3891345974732 0.414257921421 0.007966179474934257
8.1095055712 332.5575327383333 0.442904495083 0.00753096600979734 398.46727656306217 0.404887927716 0.007624233522019315
8.261793606 354.44294597688423 0.437146442962 0.0073417143409708315 431.09610967923317 0.396651301624 0.007342260493755424
8.375841914 380.1609979612568 0.428017493352 0.00713657633606846 470.999376615598 0.38480320578 0.007014341986047563
8.498611563199999 404.69084727279954 0.420994834532 0.0069467657482674165 512.2039528874535 0.374483008463 0.006719399590863414
8.627419064 432.4821089594853 0.4134875109 0.006745860389248035 556.3212371683412 0.364839058349 0.006442393715898268
8.778365354 460.17789047285555 0.40792348019 0.00656575742949819 600.5011412659943 0.357358187185 0.006205328980720948
8.915223323600001 494.83215827294975 0.39958294157 0.006363902260329628 648.4671061761273 0.349299251729 0.0059773432596640025
9.054093910399999 531.1686868985814 0.391743599813 0.006171806802330258 695.4099426564759 0.342599090544 0.005784719564573176
9.186255773199997 564.9852362587226 0.385433468612 0.006006583860766724 744.4300317616775 0.335998271993 0.005597985517845916
9.3204302532 602.4422393182335 0.378760036461 0.005840314293233264 794.9272551489076 0.329933860581 0.00542622874803583
9.4686930536 636.4415655329477 0.374402894476 0.00570800765915099 842.4180893323063 0.32562343709 0.005285266463288837
9.6075636404 676.1993627906536 0.368597431347 0.005560927382404583 895.4435895543913 0.320494290651 0.00513929776310089
9.7591808028 719.5618716547693 0.362996135418 0.00541594202295897 945.2864536044111 0.316874233141 0.005019430132581861
9.8812795796 764.2353464184699 0.356670964783 0.005282324492061301 1003.2032919779019 0.311464170867 0.004887841441423258
9.983252184400001 803.9998217754786 0.351357307986 0.005168677196933 1062.8728750249975 0.305740964773 0.0047555980088297796
10.0905917684 841.5806438800861 0.347139749883 0.005070457101684315 1135.657653800824 0.298986570279 0.004603901830985869
10.175121690800001 882.016913010373 0.341955292503 0.004966425242606349 1219.4299692630268 0.290977147402 0.004441399233686251
10.24757591 921.3952177266486 0.336973781694 0.004871487012122631 1307.347435963609 0.283047774816 0.004286747497161126
10.307954426 959.389524334353 0.332200343 0.004783488663214115 1405.8918591660201 0.274578873117 0.0041276717987062195
10.3730290488 998.8900427799672 0.327640576243 0.004697220744310746 1507.674661031602 0.266842445644 0.0039818255744149995
10.429382330400001 1042.639063982124 0.322455628791 0.004608579556391057 1611.4660988974074 0.259525807662 0.0038486786910656564
10.489089973999999 1084.0778477605945 0.318060312259 0.004528954821459923 1714.6518695190105 0.25305093429 0.0037310404648229867
10.5474558728 1130.8332601499935 0.313166571312 0.004442511704430214 1813.907041948496 0.247411641007 0.0036277887248485838
10.6145431128 1184.0723107607305 0.308010310865 0.004349267052817894 1919.817416996233 0.24203149287 0.003526476082692799
10.6856555872 1236.9761579950743 0.303387038517 0.004263701304893882 2025.6685532500394 0.237211545139 0.0034354854443194257
10.746034103200001 1294.5148283129968 0.298260329992 0.004175232891003751 2126.616825073117 0.232829738146 0.003355012574527531
10.827209663599998 1353.3073692567564 0.293927866315 0.004091371486025797 2229.044916430083 0.229142749188 0.00328047450549445
10.88490469 1414.4156652797642 0.289055004256 0.004011753574957789 2325.035418411154 0.225564892337 0.003216468965253029
10.963396760799998 1485.7186092737245 0.284082208257 0.003923336711915646 2419.4783231347865 0.22271874513 0.0031584695944143655
11.0512810452 1565.5606663274878 0.278976694337 0.0038315137685619206 2517.585267848869 0.220091495187 0.0031023143206973616
11.1176974128 1642.926403448848 0.273978878628 0.00374699065953461 2622.734948874379 0.216935812999 0.003043219761471381
11.1874681424 1718.8247415870894 0.269554080314 0.0036715621021086 2724.869970127205 0.214171730834 0.002990819352954585
11.2512010204 1790.5639749774894 0.265613466476 0.003603967171254916 2833.2828850221176 0.211235476229 0.0029369052976338773
11.307554301999998 1861.959699611964 0.261785059616 0.003540336545774282 2940.996241688824 0.208373989635 0.00288551043418926
11.350490135600001 1935.6286425087271 0.257738901778 0.0034772205814540165 3055.4581934893067 0.205214425932 0.002832722674658489
11.402818182799999 2003.3570962210106 0.254519935446 0.0034216302878064156 3175.2883023307254 0.202237177294 0.002779817763572113
11.455146229999999 2072.308267121356 0.251405099673 0.0033688412156532422 3298.0431511103116 0.199352347575 0.0027296776781968834
11.4974111912 2145.7335870226007 0.247984770704 0.0033146794378680292 3421.7669228382897 0.196440899001 0.002681048301750143
11.5363217904 2221.608797006554 0.244544754405 0.003260464007952841 3554.27045136315 0.193400433699 0.0026312631699375324
11.575903261999999 2303.8207173070023 0.240972487097 0.003205754320009788 3681.974527256273 0.190672109403 0.002586846435207502
11.602067285599999 2387.5255031084307 0.237252173401 0.0031517750569841243 3806.040074035945 0.187965558655 0.0025453075919881153
11.637623522799998 2477.3566445283436 0.233631041468 0.00309767052346035 3927.0040271302128 0.185617678887 0.002507854225344501
11.6805593564 2572.0515551011313 0.230141844391 0.0030427676901094544 4049.974162518826 0.183454747971 0.0024707344714695097
11.7181282108 2685.423513552042 0.225962547273 0.0029805690844708415 4166.946759918238 0.181445377704 0.0024373655306249645
11.7711271304 2809.9638016626345 0.221903879632 0.0029171109395767702 4280.885327585024 0.1798259675 0.0024072519494299587
11.8080251124 2950.9254575084715 0.217224546097 0.002849907347943221 4400.615447312531 0.177920713207 0.0023765970707923753
11.848277456400002 3099.6481298595113 0.212678060354 0.0027844567421611917 4518.005381723911 0.176194435932 0.0023480996493166592
11.8959093968 3257.068463754822 0.208314816444 0.002719038603677202 4634.767384334051 0.1746618492 0.0023203912150401725
11.9207316756 3433.922676512068 0.203309032725 0.0026509586273883033 4748.941781746772 0.172911129695 0.002294396447064664
11.966350998800001 3616.400878110378 0.198876840201 0.002586043475516045 4869.012862279581 0.17142080537 0.0022682332342140524
11.9938567672 3762.035738600274 0.195441541769 0.0025379653762153554 4992.259267969135 0.169682296432 0.0022417205338323464
12.022033407999999 3920.3841328728527 0.191907470769 0.0024876375887495613 5127.539545621783 0.167823914131 0.0022125386803185836
12.0428304524 4091.968858681978 0.18816965836 0.002435559291524466 5261.948070961849 0.165954777888 0.0021841081779328145
12.056918772800001 4255.392773601234 0.184740289389 0.002388983398227654 5391.47710920535 0.164142371809 0.0021576347304659905
