0 0 0 0 0 0 0
0.3535497548 1.0112858303826715 0.333596897787 0.03959332603943378 0.7794986843188597 0.374775944545 0.07311011193962458
0.5112047688000001 1.6787145455305805 0.37671047606 0.03663549169037266 1.592143650003335 0.385930068392 0.05644239096794389
0.6849607204 2.89886979575877 0.387840483251 0.03144073132473897 2.349865524811479 0.427401227721 0.0531955375088373
0.8432866068 3.7730097666976583 0.419312122281 0.030656307358831562 2.815588390439048 0.4801703744 0.05369355752589426
1.0271056444000002 4.443634574997232 0.470079016041 0.032026380380199185 3.3364118759164514 0.536630909914 0.054652692326100885
1.2082411924 5.857288195751162 0.483397891469 0.029837651148781844 4.893689531036032 0.525743211775 0.046200740588153336
1.3880349956 7.495894343048359 0.492427570393 0.02679339389580684 5.221672362831572 0.583122891968 0.04916796718698635
1.5678287988 9.3156974667037 0.500194702011 0.024762471917074983 6.687552483114851 0.584632109418 0.04471783221684861
1.7684196464000002 10.559197515233821 0.529994872228 0.02525324137045466 8.069619580455031 0.601645505506 0.0425610466472891
1.9462008324000002 12.292874815008837 0.541329257501 0.024062129552616322 9.614911886570924 0.60808064963 0.03990471326548357
2.1058684636 14.6329525406322 0.538039811894 0.022453069063963726 11.77235448106608 0.596705458801 0.03623812531452882
2.2896875012 16.507288583483398 0.551229189188 0.022056905344989247 13.414730347721607 0.608524448354 0.03497118120462386
2.4493551324 18.959395376742833 0.551018910411 0.020861421466712406 15.109216944753136 0.614162231834 0.03370119105421957
2.5982888052 22.166193163220292 0.541589559204 0.0196336338551192 19.324574679942174 0.578507156174 0.029129881592549017
2.7492350952 25.07504873604928 0.539423373353 0.018907484437477425 21.225002243164877 0.58451062195 0.02832759432152236
2.9062192368 28.130578607103605 0.53889706131 0.018247579401693016 24.910987550280733 0.571476760723 0.02619754483910311
3.075949954 31.168735089107674 0.54225088832 0.01771089644168982 28.258513423332303 0.56858672251 0.02480425480212589
3.2409845643999997 34.88084863826879 0.540576181168 0.017064201784874937 33.30548104352983 0.55283210938 0.022852315540603702
3.4060191748000004 39.244684595800436 0.536103606283 0.016273009975815298 38.25071381673293 0.542831575334 0.021423356633907188
3.5972178088 44.56917379503524 0.531812311675 0.015495789942745544 40.65112238297681 0.556168217592 0.021321161554740495
3.7548728228 49.59288207944025 0.526669777345 0.014848753726357985 45.40522378545826 0.549812844968 0.020257893185342674
3.9252744124 54.992161194355035 0.523204764602 0.014330169751903075 51.41789204233859 0.540657883989 0.019093442313401147
4.119156536 59.32096641865619 0.528798773167 0.013999552696772184 55.66655259998058 0.545484461915 0.018611744776557648
4.286874636 65.43292669058131 0.524325118927 0.01354253136620673 62.27462523008468 0.537171568041 0.017660770810622006
4.4807567596 70.20207705801528 0.529238796045 0.013306158823800894 66.96097323716701 0.541628413766 0.01728305461961397
4.696106800000001 76.34711407174927 0.532081224216 0.012972383294776032 74.55216219044985 0.538320820661 0.01650871234417706
4.8913306684 82.0086052571519 0.534888711696 0.012711804454624921 82.67262065181185 0.532777228939 0.01574604070851759
5.038922596399999 88.51876976560189 0.530610238704 0.012355491794357442 90.88776573141425 0.523774242607 0.015027376652355937
5.2267668684 96.86921244091883 0.526384484128 0.012021756566013111 99.51711564444831 0.519454420367 0.014466563454801218
5.3944849684 105.79930416283963 0.520090707773 0.011668254096187233 110.6309145746925 0.508789650073 0.013733920923224773
5.5300011931999995 113.91992943454126 0.514004836013 0.011314705791991685 120.05169658056774 0.500906779133 0.013198392749929271
5.6983901656 123.02110899232784 0.509870815872 0.010999159308015219 132.5650653762727 0.491439275381 0.012577626876409499
5.878854841200001 132.08436457331976 0.50779935927 0.010721853208836197 143.96996172172388 0.486676691837 0.012130504126554538
6.0418768344 142.50594867576436 0.502607542086 0.010417124472880106 157.48716527734229 0.478417677868 0.011627580657820007
6.1968483588 153.97729363653048 0.496098343169 0.010101791821039792 172.4057434427301 0.469163205286 0.011116948751491766
6.343098542 165.6163350593572 0.489792742182 0.009808214863100701 187.80417964348484 0.460289606934 0.01065411753698108
6.5195379832 178.1023028143199 0.485583801478 0.009537763042015833 206.39293086591104 0.451446914268 0.010180218877384644
6.690610445199999 191.67077983399182 0.480496288546 0.009280463550392398 226.93145744257768 0.441982432413 0.009727349880255393
6.856315928 206.75282290720534 0.474231995158 0.009011466958067468 250.0167662863729 0.431657384825 0.00928143830426641
7.022021410800001 222.3137818333838 0.468507307805 0.008771358984131951 275.6762457741445 0.421147480012 0.00884250302539185
7.168271593999999 238.60957723864695 0.461761225395 0.008521631357944684 301.8564218326185 0.410968749841 0.00845128332178023
7.3138509048 255.86789774897656 0.455080911789 0.008281347666553338 327.3874037932715 0.402726306418 0.008126567329914033
7.503707793999999 272.8045288434899 0.45224855821 0.008078737551874701 352.1935487272395 0.398431710951 0.007859496773258128
7.6754511284 293.33975878674624 0.446211549991 0.007848085021464111 379.23371523663576 0.392821498871 0.007602640608956083
7.819688694399999 314.09440250739164 0.439412190442 0.00762543720265446 413.57416124686404 0.383312278921 0.007286109538689995
7.975331091199999 335.6081670355628 0.433636510378 0.007421245097711398 448.01757657266455 0.375681894576 0.007015798171895319
8.145061808400001 359.4031612014123 0.428031079175 0.007211808057538837 487.8713598562782 0.367739226929 0.00673196511146335
8.2812489056 384.8179457896788 0.420650654293 0.007009920963562081 527.3570588064866 0.359677040175 0.006482259433497896
8.414081640800001 414.32279864473736 0.411981021248 0.006791434172753728 572.0034766003124 0.350952091723 0.006231537703553007
8.5797871236 442.5310011055434 0.406546562596 0.006609825572320997 610.732279195831 0.346368946658 0.006054778351304744
8.694506304 470.76977240784373 0.399495586441 0.00643325830581346 651.6070142047766 0.339852529583 0.005869507951469114
8.8145924636 503.8906510051156 0.391539169213 0.0062516825401607344 695.3750991539237 0.33356386777 0.005694879542009134
8.967551370799999 537.9651686819672 0.385564350044 0.0060831029536996106 739.9540296546331 0.32900145458 0.005542392396399418
9.1312442364 570.880288068859 0.381158667248 0.005939024363856542 785.4378014701241 0.325188970376 0.00539944868745362
9.247976034 601.601565723836 0.376084290201 0.0058099993531309044 839.9101191278853 0.31851964163 0.005228768565479046
9.364036959199998 635.5233641617342 0.370540811354 0.005677439244594353 895.9846579189805 0.312290646752 0.005068767005092173
9.482781374 670.0206496164403 0.3654870692 0.0055549320676302584 957.3055978862187 0.305981941437 0.004912341868094592
9.612259747200001 707.7589156430967 0.360499111508 0.005430119234592341 1023.2854230701436 0.300019371441 0.004760913316091623
9.7236245656 744.4422236532668 0.355607850857 0.005314093700483209 1091.9992314280698 0.293815292666 0.004613386309211884
9.8309641496 783.4081220211917 0.350507671829 0.0051967346523668625 1170.8753052060351 0.286902770335 0.004457574796176889
9.900734879200002 823.9728209619997 0.344226827178 0.005086123184799316 1253.249330634525 0.279304778199 0.00431166025690325
9.992644398 861.7748259681965 0.339740601375 0.004986674719659194 1341.4676940052784 0.272491197797 0.004167931857339239
10.0604025104 904.4391393407855 0.333905456131 0.004881106677424927 1439.793437467028 0.264826030859 0.004021220438097431
10.125477133199999 941.4060785955669 0.329420976976 0.004795123778111553 1534.6892279726694 0.258183664947 0.0038948766279781454
10.193906118 979.8198651649818 0.325100060957 0.004711723977017006 1638.1919693206567 0.251598909056 0.003770717313143513
10.2650185924 1024.3219835184607 0.320197944587 0.004616712051616557 1738.3518635387377 0.245959904124 0.0036610599703014723
10.333447577200001 1062.43509501002 0.316513546684 0.004541885670285598 1840.7309275729474 0.240627082583 0.0035586357840415046
10.4005348172 1108.6368307304706 0.311877531357 0.0044538377048186795 1945.3303926962997 0.235598590493 0.0034624227131519036
10.458900716 1156.3040637728586 0.307112343613 0.00436867122507042 2049.6308274077705 0.230823217358 0.0033746378912276483
10.5266588284 1204.5999022362062 0.302857574993 0.004288700786424096 2148.0723827039565 0.226940474595 0.0032985408020494546
10.597771302799998 1260.1494435461884 0.298123688122 0.00420300584100949 2252.423016122385 0.223125668571 0.003225853728832253
10.670225522 1317.2209988782427 0.293602341361 0.004120688156300122 2356.410425738794 0.219644768943 0.0031589510250066145
10.736641889600001 1376.597564647447 0.28900269426 0.004038288204688305 2462.804834615656 0.216191380253 0.0030937436084663627
10.805741746799999 1442.1124029360665 0.284193418578 0.00395351272299781 2563.0859664603277 0.213288906457 0.0030371965880295246
10.8842338176 1513.5158882807086 0.279437756609 0.003868291644528701 2664.208536100652 0.210726158055 0.002985111453004526
10.949308440400001 1583.4567178521093 0.274842715105 0.003789507621579905 2758.085919487822 0.208351112323 0.002938903056863694
11.025787894 1655.2962454169278 0.27070152497 0.0037156002357299016 2848.965292673358 0.206436405101 0.0028979017920441655
11.097571240799999 1734.6088041223284 0.266173655585 0.0036375111827737557 2953.5278011606983 0.204073108918 0.0028513177366733668
11.1847846528 1810.1980653105054 0.262614234831 0.00356948489433646 3050.463884846655 0.202385600848 0.0028119805182419398
11.260593233999998 1894.373865198788 0.258463378099 0.0034978469629036394 3158.7755895047667 0.200236920277 0.0027688031567103524
11.3350600704 1965.8986148285019 0.255403427935 0.003439885445025899 3259.8674153340316 0.198414069204 0.002729688841877192
11.3887298624 2038.7850938773015 0.251991555137 0.0033837294151107954 3370.1696873691158 0.196067261339 0.0026880058662423394
11.4356909304 2110.3485054083226 0.248710313427 0.0033306142859491697 3487.4919868552474 0.193539098092 0.0026448899421853116
11.473930657199999 2173.1991277094853 0.24591270679 0.0032854568600301755 3605.8337657391694 0.190976218632 0.0026022195574865767
11.5000946808 2240.886159825067 0.242728454301 0.00323942832361151 3734.698651033505 0.188083621292 0.002558264857698731
11.5262587044 2307.735589662458 0.239736641495 0.0031945537155025 3854.8156202688833 0.185554009503 0.0025186172798314452
11.559131451999999 2382.4138200291222 0.236627916726 0.0031466868594477422 3987.3161671617727 0.182968038991 0.0024771716759611133
11.595358561599998 2463.728252210222 0.233425152667 0.0030980037178963043 4116.332332155583 0.180644716459 0.0024398572591727862
11.62286433 2541.336396431115 0.230383595064 0.003053246386642721 4244.6304626386645 0.178318008256 0.0024039087905163153
11.667812780800002 2630.4987102723917 0.227326371661 0.00300383330958076 4364.040810624658 0.17654348647 0.0023721230935439324
11.703369018 2736.6870914029396 0.223557490531 0.002948434904609997 4489.8885219849535 0.174584068945 0.002340535517699344
11.741608744799999 2853.6823100576553 0.219648064119 0.0028903825744408572 4605.507893801189 0.172943585621 0.0023128249873227667
11.7852154508 2986.6807495493163 0.215505264824 0.0028288627892932685 4724.684001551776 0.171384184646 0.0022860402605203384
11.8194299432 3135.3772592547375 0.210949796632 0.0027643694668729496 4835.993829579746 0.169893553127 0.0022622419255614603
11.8603531596 3296.5666413520935 0.206446054008 0.002698692447415878 4940.746800028583 0.168666062132 0.00224044657086206
11.9153646964 3498.6016767996853 0.201332484268 0.0026235856681648723 5056.21187526056 0.167503646611 0.0022181681708061483
11.978426702 3723.9018625889944 0.196186033904 0.0025469504109552022 5167.058776540799 0.166575225281 0.002197941518371346
12.0106285772 3972.6442863921625 0.190461535369 0.0024694169303012916 5275.325688294334 0.165301359746 0.0021784469968224376
12.056918772800001 4255.092430791828 0.184746803011 0.002389068784434669 5391.314007889123 0.164144852809 0.002157668744069722
