All events with m_gg in [100, 120], [130, 180] GeV
Workspace value & Looper value
100.126854  100.126854
100.930466  100.930466
100.974365  100.974365
100.987854  100.987854
101.485695  101.485695
101.498810  101.498810
101.688995  101.688995
102.182098  102.182098
102.211891  102.211891
102.361694  102.361694
104.107231  104.107231
104.435555  104.435555
105.151489  105.151489
105.924507  105.924507
106.563927  106.563927
106.697800  106.697800
106.877235  106.877235
107.564507  107.564507
107.580597  107.580597
107.753151  107.753151
108.927719  108.927719
108.927795  108.927795
109.030266  109.030266
109.185898            
109.464294  109.464294
109.703560  109.703560
109.721092  109.721092
110.298180  110.298180
110.390869  110.390869
110.505943  110.505943
110.517776  110.517776
110.630249  110.630249
110.858833  110.858833
110.920982  110.920982
111.110260  111.110260
111.519150  111.519150
112.241585  112.241585
112.306564  112.306564
112.412056  112.412056
112.643074  112.643074
113.657661  113.657661
114.678070  114.678070
114.706375            
114.937309  114.937309
115.208603  115.208603
116.043900  116.043900
116.511192  116.511192
117.136147  117.136147
117.201591  117.201591
117.260185  117.260185
118.002792  118.002792
118.030624  118.030624
118.195930  118.195930
118.197098  118.197098
118.380577  118.380577
118.778267  118.778267
118.983383  118.983383
119.120148  119.120148
119.254128  119.254128
119.999207  119.999207
130.173706  130.173706
131.002548  131.002548
131.156555  131.156555
131.550552  131.550552
131.750519  131.750519
132.122818  132.122818
132.475906  132.475906
132.517303  132.517303
133.303635  133.303635
133.323807  133.323807
133.560272  133.560272
133.939301  133.939301
134.546738  134.546738
135.641418  135.641418
135.684586  135.684586
136.616501  136.616501
136.744507  136.744507
137.304016  137.304016
137.318802  137.318802
137.482407  137.482407
137.530914  137.530914
138.691635  138.691635
139.209106  139.209106
139.533661  139.533661
140.050629  140.050629
141.104706  141.104706
141.962738  141.962738
143.664307  143.664307
143.897491  143.897491
144.212753  144.212753
145.443436  145.443436
145.883362  145.883362
148.107285  148.107285
148.489532  148.489532
148.674561  148.674561
149.508179  149.508179
149.520370  149.520370
149.631241  149.631241
150.902527  150.902527
151.960968  151.960968
152.131989  152.131989
152.392197  152.392197
152.998734  152.998734
153.381607  153.381607
153.398117  153.398117
155.682968  155.682968
157.573364  157.573364
157.997543  157.997543
159.966248  159.966248
161.044907  161.044907
161.191177  161.191177
163.076889  163.076889
163.392075  163.392075
167.683105  167.683105
169.555023  169.555023
171.506439  171.506439
172.011169  172.011169
174.780930  174.780930
176.081299  176.081299
176.228790  176.228790
176.238556  176.238556
176.752350  176.752350
