All events with m_gg in [100, 120], [130, 180] GeV
Workspace value & Looper value
100.453964  100.453964
101.152611  101.152611
101.635155  101.635155
101.646805  101.646805
102.004814  102.004814
102.777473  102.777473
103.397385  103.397385
103.729004  103.729004
104.035240  104.035240
105.396164  105.396164
105.569786  105.569786
105.673347  105.673347
106.413345  106.413345
106.629143  106.629143
106.833084  106.833084
106.989281  106.989281
107.581047  107.581047
108.103149  108.103149
108.782791  108.782791
109.284225  109.284225
109.411995  109.411995
109.598007  109.598007
110.142845  110.142845
110.754494            
110.929260  110.929260
111.038071  111.038071
112.269051  112.269051
113.053665            
113.204010  113.204010
113.241562  113.241562
113.713768  113.713768
113.943138  113.943138
114.008530  114.008530
114.213516  114.213516
114.337151  114.337151
114.499992            
114.500496  114.500496
114.981956  114.981956
115.902649  115.902649
116.032578  116.032578
116.276184  116.276184
117.348267  117.348267
117.896408            
118.251587            
118.622459  118.622459
119.337616  119.337616
131.980652  131.980652
132.480423  132.480423
133.502640  133.502640
133.521774  133.521774
134.474655  134.474655
135.267303  135.267303
135.658524  135.658524
138.069839  138.069839
138.137375  138.137375
139.245560  139.245560
139.474396  139.474396
140.724442  140.724442
141.239136  141.239136
141.809830  141.809830
143.653000  143.653000
143.877289  143.877289
144.181168  144.181168
146.165894  146.165894
149.717499  149.717499
151.163483  151.163483
152.700607            
160.254944  160.254944
162.691254  162.691254
163.270050  163.270050
165.273895  165.273895
165.553467  165.553467
167.874161  167.874161
174.314545  174.314545
176.171371  176.171371
