125.721512
111.519150
124.587105
135.641418
163.076889
129.803940
123.273453
114.937309
127.071678
133.939301
124.542900
110.630249
114.678070
151.960968
136.616501
149.508179
100.974365
157.997543
118.197098
126.657494
130.173706
118.983383
131.002548
117.260185
126.888550
110.517776
137.482407
131.750519
106.697800
112.241585
116.511192
117.201591
163.392075
118.030624
148.674561
176.238556
133.560272
129.245544
132.475906
119.999207
112.643074
169.555023
113.657661
124.249664
118.380577
176.081299
145.883362
108.927719
125.991394
137.318802
159.966248
110.920982
115.208603
108.927795
153.398117
137.530914
131.156555
145.443436
101.485695
149.631241
135.684586
123.057243
157.573364
139.533661
153.381607
106.877235
139.209106
110.505943
110.298180
109.703560
143.897491
112.306564
124.644295
107.580597
141.962738
101.688995
133.303635
126.241432
118.195930
116.043900
102.182098
104.107231
119.120148
140.050629
105.151489
134.546738
109.464294
106.563927
111.110260
124.530319
152.998734
172.011169
110.858833
133.323807
131.550552
100.126854
148.489532
124.563110
152.131989
109.185898
127.125267
149.520370
114.706375
124.874603
141.104706
117.136147
109.030266
102.361694
