103.729004
109.284225
133.502640
152.700607
101.635155
125.657982
113.204010
134.474655
125.641533
113.053665
141.809830
117.348267
101.646805
144.181168
112.269051
104.035240
119.337616
101.152611
127.233643
106.833084
108.782791
133.521774
114.981956
124.808762
109.411995
140.724442
132.480423
120.685486
128.490585
105.569786
106.413345
163.270050
146.165894
124.927628
126.031219
139.474396
165.273895
107.581047
160.254944
116.032578
125.212936
115.902649
141.239136
111.038071
135.267303
123.630264
114.337151
114.008530
121.163994
138.069839
106.989281
114.500496
113.713768
149.717499
125.977669
124.312531
110.754494
151.163483
131.980652
113.241562
124.751389
135.658524
117.896408
114.213516
118.251587
125.542404
108.103149
165.553467
114.499992
124.085182
103.397385
143.653000
110.929260
